54069.9
53955.2
53402
54168.8
53938.5
57288.9
54366
53472.4
57266.1
53638.6
52646.5
52364.4
57583.1
55619
54466.6
50804.4
50773.9
52252.5
51940.1
52372.4
54173.6
54015
52385.4
52742.9
52635.6
52903.5
52575.7
53745.3
53138.9
55602.1
55735
53528.3
52647.9
55008
54314.2
53027.7
53225.9
54106
53430.2
53598.2
52464.3
54318.7
56448.8
54768.9
53068.7
51114.9
56683.4
50297.4
55127.5
54263.5
56213.2
52125
52355.5
54532.9
52913.7
54570.9
53890
57486.3
55573.1
54977.3
55049.4
52101
50607.4
55640.2
56491.4
49932.4
53080.4
54034.7
51859.2
54976.1
52051.3
53731
52334.3
55448.3
50180.9
52913.2
55068.4
54118.3
53439.8
52869.9
54337.5
53929.4
52177.3
55546.1
56055.1
53728.8
54662.3
54823.5
53887.4
57805.8
52929.2
52928.1
53526.5
52863.2
55140
54292.4
56261.8
51973.7
53626.7
54433.4
58344.1
56585.6
54412.8
53405.1
53011.5
51995.9
54977.4
53091
54452
56423.4
52844.4
55762.7
55526.3
51231.2
56667.4
54411.4
53099.7
53518.4
56984.8
51362.1
55846.2
51309.2
51498.4
55677.5
53813.8
51980.8
52011.5
53925.1
55834.5
55171.7
56235
56267.1
52508.3
53445.6
51091.2
52269.7
55618.5
55713.4
54270.3
52859.3
55688.7
50596.6
54849
52029.6
55358.9
53845.1
49376
55906.6
57166.2
55552.8
52365.5
52739.6
51169.1
52956.4
55317.4
58385.9
52161.9
58015.5
49946.2
53079.6
53816.3
51937.7
53358.2
52645.2
50961.7
56153.3
51910.6
55774.9
53656.9
54141.5
48969.9
53295.1
53846.3
53880.1
53683.5
54472.8
55259
53724.1
55963.2
52023.4
51158.2
53502.6
54258
53032.4
54469.1
53032.5
53001
55136
52898.7
53287.7
54092
54754.8
54304.4
55287.2
53273.5
54994.2
53911.7
54443.3
50747
52603.1
53207.6
50843.7
55783.5
50128.8
49382.7
54480.1
61330
47414.2
53626.3
53199.9
52059.1
54108.1
55287
53408.5
55213.6
53213.1
51399.6
52458.6
51709.9
53168.4
50997.7
55876.6
54120.4
51804.7
52082.3
54423.5
53123.5
55738.4
55106
52755.4
53152.3
55069.9
54252.9
50315.2
55915.4
51668.8
52143.5
51346.7
54348.5
53725.3
57639.5
51579.6
49449.7
53114.2
53099.6
54339.1
53291.3
50921.5
53009.1
52895.7
54710.4
52559
53956.2
53380.4
52169.1
53852
54065.2
53307.9
52173.9
52050.5
53939.5
52694.5
53425.8
51931
52895.9
52306
53415.1
55193.3
54125.4
53614.1
55786.8
52498
52244.2
55010.5
52647.6
53532
50278.6
54641.2
57424.5
51393
54350.7
48942.9
52707.3
53173.5
53714.4
50579.6
54533.2
56268.9
50596.7
52794.9
52749.1
54404.2
53911.5
49816
48997.4
51822.7
49888.7
52818.4
49646.6
53381.6
54589.5
52013.4
55259.8
53763
49918.9
54002.3
51873.4
52739.3
55620.9
50913.3
53549.1
55145.4
51915.7
54441.8
54623.4
46974.8
51952.4
52673.1
50745.3
54182.4
53204.4
52655.2
54227.6
52292.6
54197.3
55460.4
50861.3
55962.1
50867.5
53620.5
51894.3
49993.3
49649.1
49432.9
52994.6
51670.9
53463.3
50610.3
50303.6
52494.3
51914.3
52376
52933.1
54649
47807.2
50311.5
49634.1
52531.5
49968.7
47963.1
52554.9
49699.8
51517.5
50815
50604.5
51164.9
51496.4
49851.6
51447.8
49098.1
45514.1
52132.1
47188.2
50885.9
55496.1
50266.5
52184.7
53262.7
49983
52851
51271.2
50223.8
52578.3
52633.3
51485.4
52049.4
51832.2
49914.7
50825.3
48844.4
54632.1
52858.4
49642.3
50799.7
51449.9
51391.3
52040.9
52400.6
51499.6
51858.7
50680
47192.5
52573.6
52265.5
49544.2
49820.5
50271.2
48769.7
49996
51896.3
48549.6
48632
48825.1
51351.4
51250
51786.4
50568.2
51490.5
50499.2
47667.9
49760.8
49002.6
48323.6
50461.9
54799.7
50035.3
48944.7
47911.6
49972.4
46711.1
49503.4
45624.6
45900.7
51205.7
49867.3
48649.3
48774.6
49159.3
52474.1
49431
50551.5
49332.5
48445.8
50778
48062.5
48190.5
47118.9
46698.4
44316.1
48394.6
48586.3
46200.9
44156
45891.9
48411.1
46959.2
49462
49625.9
47350.5
47124.3
47971.8
47198.8
50339.3
47856.2
46839.8
46882.5
45672.1
48753.9
47475.3
50454.1
49115.1
44182.9
44128.7
47018.7
44877.1
45459.5
46679.5
45421.6
47520.8
48335.5
44671.8
46320.3
44672.7
45884.6
48785.8
44476.9
47888.5
46331.1
46223.8
45135.6
43753.3
44074.4
42712.7
46706.4
43842.1
43221.4
46991
45030.6
42590.8
41910.9
45620.1
42704.4
41950.4
45257.2
42166.2
40076.8
43211.2
43222.3
39489.6
43938.4
44814.5
43767.6
41653.7
44508.3
45285.8
44056.9
43277.5
41768.4
44119.1
38600.1
39377.8
41577.4
41393.6
41374.5
44039.8
41756.6
40444
41327
39975.9
41572.1
38344.8
42948.5
41482.7
42768.8
41752.2
34602.9
39466.7
41848.7
39027.2
40787.4
40049.4
41229.8
38742.7
42138.2
39876.2
38959.1
38845.2
38434.2
36080.1
39590
38894.9
41923.6
39094.6
42580.4
36062.7
39695
36175.1
35337.2
34049.4
41806.3
37685.6
38115.2
35964.2
37815.7
38585.4
35516.6
36912.4
37566.2
37894.8
36218.9
34984.9
36480.4
34064.4
34385.8
34185.5
34233
35059.4
32983.2
33835.9
36285.2
33795.9
34201.7
33175.8
30800.7
32676.2
32230.4
34478
32043.9
30421.2
33446.2
30265.7
30387.2
30744.5
30962.3
30623
31762.7
28704.4
30141.3
29905.1
30564.3
30872.6
29835.2
29904.8
28196
28284.6
31191.9
28829
27213.8
30231.1
29291.3
29002.2
26972.1
26877.7
28398.7
26298.6
28261.5
27443.2
29403.3
28217.7
25446.8
29081.6
25124.9
24573.2
26262.3
23804.7
23122.3
24868
23800.7
24888.6
22537.8
23833.8
24781.1
24205.5
23870.9
21743.8
23514.8
24962
22577
24105.4
20786.9
24527.7
23201.9
24254.3
23346.1
21648.2
22144.7
22755.8
22808
20284.9
22222
22002.4
21464.7
20401.7
20747.3
20254.4
20432.6
20222
19850.5
21381.8
19383.6
20187.1
19137.6
21702.3
21313.4
17546.1
17770.5
19146.9
20213.1
18713.1
18970.2
19070.1
18104.4
19203.7
16305.2
17488.2
16059.7
17630.1
18171.7
17404.2
19402.8
15760.6
16025.9
18925.2
16702.1
15891
16123.1
16300.9
15598
14285.6
16506.7
14711.4
14312.2
15824
15004
16222.6
16917.7
17035
14639.6
15775.2
13856.6
15486.1
15459
15456.5
14896.6
13699.6
12265.7
13342.3
15438.9
14833.9
14173.7
12840.3
13066.3
13288.9
12792.9
14491
13679
13889.1
14219
12980.3
12358.6
12432.7
12312.7
13068.9
13838.9
13200.7
11758.1
12268.4
12773.4
11276.6
11398.3
11733.8
12312
11324
12865.3
11966
11686.7
12154.1
10845.1
12212.2
13013.6
12585.1
11936.1
10859.5
11066.6
10965.2
11107.9
11172.8
11012.2
11230.6
10883.3
9688.15
10264.8
11185.6
11007.3
9482.75
9916.04
9958.77
9867.83
9534.98
9526
9845.84
9749.49
9022.38
9077.05
9504.92
9055.65
8982.3
9162.71
9433.92
9394.23
10397
8727.5
9083.47
9412.1
8950.66
9544.77
8855.71
8653.42
8516.5
10192.1
9261.85
9182.59
9215.34
8902.6
9022.97
8686.49
8612.81
8812.93
8780.06
8462.66
9401.39
8890.88
8104.04
8341.44
8243.94
8365.23
8619.54
8809.91
8424.1
8409.45
8493.1
8414.15
9173.06
8337.13
7971.52
8116.45
7775.04
8841.18
8338.52
8065.08
8304.88
8261.43
7794.16
8527.77
8166.08
8623.69
8494.37
8243.92
9837.86
9105.43
8358.5
8132.02
7834.52
7903.53
7839.99
8095.44
8083.93
8080.41
7820.62
7615.47
8452.38
7750.49
7721.47
7789.19
8147.5
8025.01
7907.53
7830.11
7773.99
7619.93
7591.99
7555.82
7447.52
7766.92
7545.01
8180.77
7642.66
7479.54
7157.74
7262.66
7268.78
7469.38
7323.09
7138.44
6965.84
6989.34
6902.94
8502.13
7712.4
7775.15
7805.29
7656.79
7637.94
7460.76
7396.35
7148.52
7117.57
7141.17
7750.17
7389.8
7624.34
8265.18
8392.55
7715.4
7587.29
7448.27
7384.91
8141.93
7712.39
7435.22
7327.31
7883.9
7334.74
7267.81
7625.18
7557.65
7494.62
7370.94
8769.99
8117.62
7813.97
8219.78
7827.51
8192.37
8226.55
7976.4
7647.45
7569.1
7422.88
7377.35
7235.94
7479.72
7511.54
7284.79
7089.42
7073.53
7081.16
6979.12
6957.44
6957.44
6953.93
6950.99
6998.24
6972.3
7018.82
7574.19
7370.54
7187.01
7147.67
7107.21
7049.48
8567.44
7930.39
7762.61
7352.47
7247.99
8026.86
8154.35
7677.08
7527.54
7516.06
7429.94
7302.1
7265.91
7289.25
7209.81
7077.15
7252.27
7673.64
8258.86
8579.45
7867.86
8095.26
7767.28
7668.17
7478.28
7303.2
7237.56
7470.37
7395.35
7363.15
7209.43
7076.99
6980.84
6971.5
7658.41
7316.56
7686.68
7234.1
7875.42
8449.64
8256.39
7651.26
7272.3
7162.21
8138.11
7645.72
7444.57
7284.85
7175.53
7135.24
7051.52
7753.17
7373.4
7731.47
7553.54
7412.27
8265.52
7669.35
7308.51
7555.72
7506.18
7376.89
7301.05
7280.42
7289.44
7223.19
7214.08
7208.45
7191.58
7188.57
7243.84
7245.47
7580.92
7444.39
7679.65
7621.02
7491.68
7369.99
7369.99
7786.97
7508.58
7354.12
7824.19
7603.49
7623.06
8147.45
7797.5
7698.4
7692.19
7545.83
7409.66
7316.18
7179.55
7179.55
7179.55
7741.3
7694.06
7576.78
7495.79
7469
8188.19
7727.23
7390.25
7309.12
7237.6
7171.83
7143.83
7114.61
7067.43
7060.11
7119.66
7076.28
7061.49
7052.77
7044.78
7044.78
7044.78
7044.78
7747.51
7866
7583.24
7294.28
7994.7
7764.65
7584.79
7506.57
7394.31
7291.44
7198.15
7148.89
7530.09
7448.57
7354.13
7265.73
7786.66
7570.99
7396.23
7304.56
7255.38
7161.85
7081.36
7466.83
7246.15
7039.03
6980.98
6935.22
6885.45
6864.08
6848.11
7018.01
6899.62
6854.29
6837.61
6892.59
6857.32
6857.48
6959.73
6950.69
6950.69
6955.99
6954.36
6949.31
6937.81
6937.81
6937.43
6937.43
6930.1
7633.48
7529.9
7423.98
7566.99
7391.8
7249.56
7081.45
7070.44
7048.16
7044.7
7031.25
7029.15
7029.15
7303.93
7542.35
7329.74
7638.57
7256.96
7157.24
7143.13
7107.91
7022.98
7022.98
7023.58
7013.09
7012.48
6992.29
6928.12
6929.5
6915.09
6915.09
6915.09
6913.71
6913.71
6913.71
6913.71
6913.71
6913.71
6913.71
6913.71
6884.38
6883
6884.38
6883
6883
6883
6883
6883
6883
6883
6883
6875.53
6869.29
6869.29
6869.29
6869.29
6869.29
6869.29
6869.29
6869.29
6869.29
6869.29
6869.29
6869.29
6869.29
6869.29
6869.29
6869.29
6869.29
6869.29
6857
6857
6857
6857
6857
6857
6857
6857
6857
6857
6886.05
6886.05
6886.05
6875.85
6857
6857
6857
6857
6857
6857
6857
6857
6857
6857
6857
6857
6857
6857
6959.28
6959.28
6959.28
6857
6857
6857
6857
6857
6857
6857
6857
6857
6857
6857
6857
6857
6858.38
6857
6857
6857
6857
6857
6857
6857
6857
6857
6857
6857
6857
6857
6857
7000.62
6857
6857
6857
6857
6857
6857
6857
6857
6857
6857
6857
6857
6857
6857
6857
6857
6857
6857
6857
6857
6857
6857
6857
6857
6857
6857
6857
6857
6857
6857
6857
6918.62
6857
6981.77
6948.08
6908.51
6857
6857
6857
6857
6857
6857
6857
6857
6857
6857
6857
6857
6857
6857
6857
6857
6857
6857
6857
6857
6857
6857
6857
6857
6857
6857
6857
6857
6857
6857
6857
6857
6857
6857
6857
6857
6857
6857
6857
6857
6857
6857
6857
6857
6857
6857
6857
6857
6857
6857
6857
6857
6857
6857
6857
6857
6857
6857
6857
6857
6857
6857
