1	129
2	54
3	134
4	78
5	30
6	143
7	111
8	21
9	16
10	122
11	149
12	20
13	33
14	32
15	145
16	95
17	103
18	96
19	97
20	98
21	5
22	115
23	88
24	7
25	89
26	93
27	133
28	41
29	12
30	116
31	50
32	70
33	67
34	57
35	66
36	39
37	38
38	37
39	36
40	131
41	76
42	124
43	8
44	77
45	48
46	72
47	49
48	79
49	113
50	35
51	64
52	58
53	142
54	85
55	84
56	34
57	1
58	75
59	146
60	47
61	42
62	6
63	107
64	63
65	136
66	144
67	51
68	118
69	27
70	15
71	10
72	22
73	31
74	29
75	28
76	26
77	141
78	120
79	24
80	69
81	130
82	109
83	61
84	53
85	55
86	94
87	126
88	138
89	128
90	3
91	132
92	92
93	52
94	62
95	71
96	68
97	104
98	125
99	44
100	150
101	45
102	43
103	46
104	139
105	119
106	106
107	74
108	4
109	73
110	112
111	91
112	25
113	90
114	105
115	123
116	13
117	147
118	14
119	80
120	81
121	137
122	135
123	110
124	108
125	102
126	101
127	56
128	100
129	99
130	9
131	17
132	11
133	148
134	117
135	60
136	23
137	87
138	82
139	83
140	65
141	86
142	114
143	18
144	2
145	19
146	121
147	40
148	59
149	127
150	140
1	103
2	143
3	52
4	121
5	122
6	129
7	136
8	31
9	62
10	94
11	16
12	38
13	24
14	127
15	39
16	118
17	117
18	116
19	32
20	45
21	150
22	21
23	149
24	8
25	74
26	72
27	144
28	106
29	91
30	29
31	19
32	2
33	125
34	3
35	22
36	88
37	84
38	85
39	97
40	1
41	48
42	7
43	93
44	78
45	15
46	26
47	50
48	75
49	65
50	5
51	4
52	96
53	10
54	30
55	76
56	44
57	68
58	13
59	53
60	14
61	147
62	57
63	148
64	17
65	36
66	110
67	83
68	73
69	82
70	113
71	115
72	79
73	89
74	98
75	87
76	34
77	35
78	33
79	133
80	104
81	119
82	71
83	146
84	56
85	55
86	58
87	49
88	80
89	112
90	140
91	109
92	139
93	102
94	137
95	70
96	142
97	108
98	86
99	20
100	138
101	43
102	81
103	90
104	141
105	120
106	46
107	18
108	95
109	107
110	100
111	124
112	111
113	63
114	64
115	105
116	131
117	60
118	61
119	11
120	28
121	135
122	134
123	77
124	126
125	51
126	47
127	25
128	37
129	92
130	23
131	54
132	130
133	6
134	132
135	9
136	99
137	40
138	67
139	114
140	42
141	66
142	41
143	69
144	101
145	12
146	128
147	27
148	145
149	123
150	59
1	149
2	62
3	100
4	125
5	71
6	144
7	23
8	38
9	39
10	101
11	40
12	9
13	47
14	58
15	141
16	148
17	31
18	111
19	104
20	118
21	36
22	115
23	21
24	78
25	79
26	126
27	116
28	12
29	32
30	131
31	25
32	81
33	120
34	28
35	53
36	97
37	146
38	72
39	74
40	123
41	136
42	119
43	33
44	105
45	140
46	60
47	69
48	27
49	41
50	64
51	13
52	106
53	112
54	91
55	4
56	44
57	26
58	55
59	90
60	92
61	35
62	77
63	124
64	93
65	121
66	10
67	98
68	30
69	1
70	134
71	14
72	63
73	82
74	95
75	103
76	8
77	96
78	34
79	84
80	76
81	7
82	73
83	48
84	113
85	150
86	45
87	88
88	80
89	59
90	94
91	3
92	109
93	139
94	67
95	43
96	42
97	6
98	102
99	37
100	61
101	130
102	17
103	24
104	46
105	22
106	133
107	128
108	143
109	83
110	110
111	2
112	20
113	29
114	135
115	70
116	54
117	68
118	117
119	57
120	49
121	147
122	66
123	127
124	11
125	108
126	132
127	85
128	18
129	142
130	137
131	19
132	114
133	99
134	50
135	86
136	75
137	107
138	56
139	89
140	5
141	87
142	15
143	138
144	65
145	52
146	51
147	129
148	145
149	122
150	16
1	87
2	34
3	48
4	45
5	4
6	104
7	150
8	119
9	13
10	117
11	41
12	139
13	99
14	50
15	26
16	107
17	5
18	143
19	103
20	65
21	90
22	32
23	23
24	57
25	24
26	36
27	118
28	60
29	17
30	130
31	129
32	111
33	122
34	53
35	67
36	127
37	12
38	20
39	19
40	114
41	28
42	40
43	120
44	9
45	42
46	6
47	51
48	61
49	66
50	11
51	81
52	25
53	56
54	146
55	98
56	3
57	84
58	124
59	149
60	106
61	140
62	148
63	69
64	37
65	89
66	7
67	93
68	138
69	46
70	38
71	49
72	31
73	101
74	39
75	29
76	135
77	55
78	141
79	83
80	58
81	132
82	147
83	145
84	72
85	77
86	14
87	134
88	92
89	131
90	16
91	115
92	121
93	21
94	78
95	79
96	80
97	109
98	86
99	43
100	144
101	123
102	136
103	71
104	74
105	68
106	62
107	15
108	116
109	52
110	126
111	110
112	70
113	108
114	102
115	137
116	85
117	18
118	142
119	35
120	1
121	100
122	33
123	63
124	22
125	44
126	128
127	125
128	73
129	30
130	75
131	47
132	54
133	10
134	88
135	82
136	95
137	113
138	59
139	105
140	97
141	2
142	27
143	64
144	91
145	133
146	112
147	94
148	76
149	8
150	96
1	67
2	16
3	135
4	126
5	115
6	128
7	5
8	14
9	77
10	62
11	149
12	22
13	79
14	78
15	80
16	122
17	109
18	148
19	27
20	72
21	3
22	88
23	105
24	94
25	133
26	93
27	35
28	111
29	134
30	46
31	144
32	49
33	136
34	123
35	112
36	74
37	104
38	119
39	106
40	150
41	21
42	23
43	81
44	70
45	9
46	58
47	102
48	97
49	84
50	1
51	95
52	98
53	73
54	59
55	64
56	13
57	71
58	44
59	15
60	33
61	7
62	121
63	30
64	96
65	52
66	43
67	37
68	42
69	108
70	137
71	85
72	18
73	142
74	26
75	132
76	47
77	6
78	120
79	90
80	83
81	56
82	75
83	107
84	48
85	51
86	92
87	28
88	114
89	20
90	53
91	40
92	86
93	19
94	139
95	99
96	50
97	141
98	25
99	55
100	65
101	10
102	89
103	113
104	125
105	68
106	91
107	147
108	145
109	45
110	4
111	63
112	54
113	146
114	138
115	34
116	87
117	76
118	103
119	82
120	8
121	124
122	100
123	143
124	110
125	2
126	29
127	118
128	12
129	41
130	117
131	66
132	69
133	24
134	140
135	127
136	57
137	60
138	11
139	39
140	36
141	61
142	17
143	130
144	116
145	38
146	101
147	31
148	129
149	131
150	32
1	76
2	8
3	1
4	24
5	118
6	53
7	33
8	86
9	50
10	65
11	58
12	143
13	75
14	26
15	48
16	34
17	96
18	16
19	56
20	113
21	10
22	3
23	87
24	82
25	97
26	146
27	83
28	141
29	55
30	25
31	120
32	61
33	11
34	6
35	51
36	139
37	20
38	9
39	28
40	37
41	42
42	110
43	2
44	29
45	135
46	70
47	35
48	81
49	108
50	137
51	85
52	18
53	142
54	132
55	102
56	99
57	19
58	130
59	60
60	39
61	36
62	148
63	17
64	101
65	41
66	127
67	69
68	140
69	31
70	117
71	66
72	57
73	49
74	32
75	23
76	122
77	44
78	74
79	112
80	145
81	136
82	93
83	90
84	54
85	46
86	92
87	114
88	47
89	43
90	138
91	121
92	94
93	59
94	105
95	30
96	111
97	52
98	109
99	116
100	133
101	131
102	72
103	126
104	89
105	98
106	73
107	95
108	63
109	13
110	119
111	106
112	38
113	40
114	12
115	67
116	144
117	123
118	27
119	129
120	88
121	115
122	104
123	79
124	134
125	15
126	77
127	14
128	62
129	125
130	84
131	107
132	5
133	100
134	7
135	124
136	103
137	149
138	147
139	68
140	21
141	150
142	22
143	4
144	45
145	64
146	128
147	91
148	71
149	80
150	78
1	1
2	90
3	93
4	25
5	110
6	120
7	61
8	11
9	130
10	123
11	44
12	74
13	112
14	136
15	76
16	143
17	65
18	58
19	75
20	26
21	95
22	34
23	96
24	14
25	106
26	119
27	13
28	147
29	21
30	150
31	22
32	4
33	45
34	64
35	68
36	128
37	91
38	8
39	124
40	46
41	139
42	24
43	37
44	28
45	9
46	20
47	51
48	29
49	2
50	6
51	19
52	99
53	102
54	132
55	142
56	18
57	85
58	137
59	108
60	81
61	7
62	84
63	73
64	15
65	80
66	122
67	145
68	71
69	149
70	63
71	48
72	3
73	133
74	16
75	113
76	10
77	79
78	78
79	134
80	118
81	66
82	117
83	31
84	72
85	27
86	140
87	116
88	69
89	77
90	49
91	32
92	23
93	129
94	88
95	115
96	104
97	62
98	125
99	107
100	5
101	100
102	82
103	83
104	141
105	55
106	86
107	50
108	42
109	114
110	135
111	70
112	92
113	126
114	89
115	98
116	30
117	121
118	38
119	40
120	12
121	67
122	131
123	109
124	52
125	111
126	33
127	105
128	59
129	94
130	35
131	54
132	57
133	41
134	39
135	36
136	127
137	148
138	17
139	101
140	53
141	60
142	144
143	47
144	43
145	138
146	56
147	146
148	97
149	103
150	87
1	77
2	146
3	5
4	92
5	134
6	46
7	33
8	7
9	121
10	30
11	96
12	52
13	51
14	14
15	16
16	15
17	126
18	59
19	115
20	128
21	105
22	43
23	47
24	37
25	42
26	118
27	23
28	131
29	48
30	107
31	75
32	56
33	83
34	90
35	120
36	6
37	2
38	102
39	97
40	82
41	1
42	95
43	98
44	73
45	125
46	113
47	89
48	10
49	26
50	65
51	55
52	25
53	141
54	50
55	99
56	139
57	9
58	40
59	53
60	135
61	114
62	108
63	137
64	85
65	18
66	142
67	132
68	58
69	86
70	19
71	70
72	81
73	20
74	21
75	150
76	106
77	119
78	104
79	64
80	123
81	13
82	71
83	44
84	62
85	149
86	22
87	76
88	79
89	78
90	45
91	4
92	63
93	54
94	138
95	34
96	87
97	103
98	84
99	8
100	124
101	100
102	143
103	110
104	29
105	28
106	12
107	41
108	117
109	66
110	11
111	36
112	61
113	17
114	130
115	148
116	109
117	122
118	80
119	145
120	38
121	116
122	127
123	140
124	24
125	69
126	39
127	60
128	57
129	27
130	72
131	3
132	88
133	94
134	133
135	93
136	35
137	111
138	67
139	144
140	49
141	136
142	112
143	74
144	68
145	91
146	147
147	31
148	129
149	101
150	32
1	32
2	23
3	101
4	116
5	67
6	109
7	135
8	58
9	139
10	25
11	141
12	50
13	126
14	15
15	146
16	105
17	92
18	7
19	10
20	76
21	87
22	34
23	124
24	111
25	33
26	16
27	121
28	4
29	45
30	145
31	147
32	91
33	68
34	125
35	113
36	84
37	103
38	48
39	82
40	95
41	8
42	100
43	143
44	63
45	30
46	89
47	52
48	43
49	37
50	6
51	42
52	108
53	137
54	85
55	18
56	142
57	26
58	97
59	5
60	107
61	75
62	132
63	83
64	90
65	120
66	40
67	53
68	20
69	114
70	28
71	51
72	134
73	138
74	78
75	80
76	122
77	54
78	38
79	41
80	140
81	66
82	130
83	118
84	29
85	2
86	110
87	65
88	55
89	19
90	86
91	47
92	46
93	56
94	102
95	99
96	9
97	70
98	81
99	21
100	150
101	106
102	119
103	104
104	112
105	74
106	123
107	136
108	49
109	144
110	133
111	96
112	1
113	98
114	73
115	88
116	64
117	13
118	71
119	44
120	115
121	128
122	14
123	77
124	62
125	149
126	22
127	79
128	35
129	93
130	94
131	59
132	3
133	72
134	27
135	148
136	39
137	60
138	17
139	61
140	36
141	12
142	11
143	57
144	127
145	24
146	69
147	117
148	31
149	129
150	131
1	59
2	105
3	126
4	96
5	24
6	118
7	61
8	12
9	53
10	51
11	46
12	112
13	123
14	74
15	147
16	145
17	131
18	64
19	80
20	109
21	67
22	42
23	43
24	72
25	115
26	150
27	21
28	125
29	149
30	136
31	144
32	49
33	57
34	117
35	60
36	66
37	17
38	39
39	101
40	134
41	133
42	27
43	23
44	20
45	75
46	83
47	26
48	50
49	132
50	137
51	85
52	18
53	142
54	33
55	89
56	1
57	34
58	143
59	5
60	107
61	95
62	82
63	103
64	100
65	73
66	87
67	76
68	48
69	63
70	113
71	121
72	79
73	15
74	14
75	91
76	68
77	45
78	44
79	128
80	22
81	62
82	104
83	4
84	119
85	13
86	129
87	41
88	116
89	127
90	140
91	148
92	69
93	130
94	11
95	40
96	36
97	99
98	108
99	19
100	114
101	81
102	135
103	70
104	28
105	37
106	141
107	58
108	102
109	56
110	124
111	84
112	8
113	111
114	65
115	86
116	139
117	120
118	9
119	6
120	110
121	2
122	29
123	55
124	25
125	47
126	146
127	106
128	71
129	3
130	98
131	97
132	7
133	94
134	16
135	122
136	77
137	90
138	138
139	54
140	38
141	31
142	32
143	92
144	52
145	35
146	30
147	10
148	93
149	88
150	78
1	23
2	101
3	116
4	67
5	109
6	43
7	135
8	58
9	139
10	25
11	141
12	50
13	126
14	15
15	94
16	21
17	150
18	106
19	119
20	68
21	91
22	147
23	128
24	45
25	4
26	121
27	16
28	33
29	111
30	124
31	34
32	87
33	76
34	10
35	63
36	7
37	92
38	146
39	81
40	70
41	137
42	108
43	42
44	28
45	6
46	37
47	52
48	89
49	30
50	143
51	100
52	8
53	95
54	82
55	48
56	103
57	84
58	113
59	125
60	104
61	112
62	74
63	123
64	13
65	71
66	44
67	115
68	56
69	26
70	142
71	18
72	85
73	132
74	99
75	102
76	97
77	5
78	107
79	75
80	9
81	83
82	90
83	120
84	40
85	53
86	20
87	114
88	51
89	134
90	138
91	80
92	122
93	145
94	14
95	77
96	78
97	62
98	149
99	22
100	79
101	35
102	93
103	105
104	59
105	3
106	73
107	98
108	1
109	96
110	133
111	31
112	144
113	129
114	49
115	136
116	64
117	88
118	72
119	27
120	140
121	41
122	117
123	69
124	12
125	24
126	127
127	57
128	32
129	118
130	36
131	61
132	17
133	60
134	39
135	66
136	148
137	130
138	11
139	19
140	2
141	110
142	29
143	65
144	55
145	86
146	47
147	46
148	54
149	38
150	131
1	92
2	138
3	90
4	81
5	20
6	50
7	132
8	56
9	26
10	96
11	8
12	7
13	33
14	109
15	147
16	116
17	12
18	24
19	134
20	108
21	137
22	85
23	18
24	142
25	102
26	99
27	19
28	86
29	28
30	11
31	61
32	130
33	60
34	17
35	39
36	148
37	36
38	101
39	41
40	120
41	25
42	55
43	141
44	83
45	146
46	97
47	73
48	98
49	87
50	82
51	103
52	95
53	48
54	30
55	34
56	93
57	78
58	113
59	10
60	1
61	76
62	89
63	63
64	115
65	13
66	119
67	106
68	71
69	91
70	128
71	64
72	45
73	4
74	22
75	21
76	150
77	68
78	149
79	35
80	124
81	126
82	3
83	104
84	88
85	121
86	94
87	59
88	105
89	111
90	52
91	133
92	131
93	67
94	40
95	47
96	114
97	70
98	135
99	29
100	2
101	110
102	42
103	37
104	6
105	9
106	139
107	127
108	69
109	140
110	117
111	66
112	57
113	144
114	46
115	54
116	118
117	53
118	51
119	65
120	58
121	75
122	143
123	100
124	5
125	107
126	84
127	125
128	62
129	14
130	77
131	80
132	15
133	79
134	16
135	136
136	145
137	112
138	74
139	44
140	122
141	23
142	27
143	72
144	32
145	49
146	123
147	31
148	129
149	38
150	43
1	92
2	138
3	90
4	81
5	20
6	50
7	132
8	56
9	26
10	96
11	8
12	7
13	33
14	109
15	147
16	116
17	12
18	24
19	134
20	108
21	137
22	85
23	18
24	142
25	102
26	99
27	19
28	86
29	28
30	139
31	9
32	6
33	37
34	42
35	110
36	2
37	29
38	135
39	70
40	114
41	47
42	40
43	67
44	131
45	133
46	52
47	111
48	105
49	59
50	94
51	121
52	88
53	104
54	3
55	126
56	124
57	35
58	149
59	68
60	150
61	21
62	22
63	4
64	45
65	64
66	128
67	91
68	71
69	106
70	119
71	13
72	115
73	63
74	89
75	76
76	1
77	10
78	113
79	78
80	93
81	34
82	30
83	48
84	84
85	103
86	82
87	87
88	98
89	73
90	97
91	146
92	83
93	141
94	55
95	25
96	120
97	41
98	101
99	36
100	148
101	39
102	17
103	60
104	130
105	61
106	11
107	127
108	69
109	140
110	117
111	66
112	57
113	144
114	46
115	54
116	118
117	53
118	51
119	65
120	58
121	75
122	143
123	100
124	5
125	107
126	95
127	125
128	62
129	14
130	77
131	80
132	15
133	79
134	16
135	136
136	145
137	112
138	74
139	44
140	122
141	23
142	27
143	72
144	32
145	49
146	123
147	31
148	129
149	38
150	43
1	15
2	105
3	106
4	119
5	13
6	128
7	22
8	62
9	104
10	4
11	3
12	98
13	97
14	35
15	94
16	16
17	122
18	77
19	115
20	150
21	21
22	125
23	149
24	136
25	112
26	71
27	133
28	72
29	23
30	24
31	118
32	116
33	12
34	53
35	20
36	86
37	139
38	120
39	9
40	6
41	110
42	2
43	29
44	102
45	135
46	99
47	114
48	19
49	108
50	70
51	28
52	37
53	81
54	58
55	141
56	55
57	92
58	52
59	7
60	103
61	82
62	95
63	107
64	5
65	143
66	34
67	1
68	89
69	33
70	142
71	26
72	100
73	18
74	85
75	137
76	132
77	50
78	83
79	75
80	146
81	96
82	126
83	51
84	47
85	25
86	56
87	124
88	84
89	8
90	111
91	54
92	138
93	46
94	38
95	43
96	42
97	65
98	67
99	109
100	57
101	117
102	60
103	131
104	32
105	31
106	129
107	41
108	39
109	17
110	66
111	130
112	40
113	11
114	36
115	69
116	148
117	140
118	61
119	127
120	101
121	134
122	90
123	27
124	123
125	74
126	147
127	145
128	64
129	80
130	49
131	144
132	14
133	91
134	68
135	45
136	44
137	59
138	79
139	121
140	113
141	73
142	76
143	87
144	48
145	63
146	30
147	10
148	93
149	88
150	78
1	59
2	122
3	77
4	90
5	138
6	54
7	83
8	26
9	75
10	20
11	23
12	72
13	133
14	134
15	101
16	39
17	17
18	66
19	36
20	40
21	11
22	130
23	69
24	127
25	61
26	148
27	140
28	41
29	129
30	13
31	119
32	106
33	105
34	16
35	94
36	24
37	118
38	116
39	12
40	53
41	51
42	46
43	27
44	123
45	74
46	144
47	136
48	149
49	62
50	21
51	150
52	115
53	112
54	31
55	32
56	131
57	80
58	14
59	145
60	147
61	49
62	57
63	117
64	60
65	109
66	67
67	42
68	43
69	38
70	86
71	47
72	139
73	120
74	9
75	6
76	110
77	2
78	29
79	55
80	141
81	58
82	81
83	25
84	37
85	28
86	70
87	135
88	99
89	114
90	19
91	108
92	102
93	92
94	65
95	50
96	132
97	137
98	85
99	18
100	100
101	142
102	33
103	89
104	1
105	34
106	87
107	103
108	82
109	95
110	107
111	5
112	143
113	35
114	52
115	111
116	8
117	84
118	124
119	56
120	146
121	126
122	96
123	97
124	7
125	98
126	3
127	71
128	4
129	104
130	125
131	22
132	128
133	44
134	45
135	68
136	91
137	64
138	15
139	79
140	121
141	113
142	48
143	76
144	73
145	63
146	30
147	10
148	93
149	88
150	78
1	67
2	54
3	43
4	38
5	23
6	24
7	118
8	11
9	17
10	130
11	148
12	12
13	109
14	14
15	133
16	93
17	126
18	48
19	76
20	3
21	10
22	88
23	94
24	62
25	115
26	128
27	74
28	104
29	119
30	91
31	68
32	4
33	64
34	112
35	123
36	136
37	49
38	144
39	72
40	80
41	122
42	77
43	78
44	79
45	138
46	46
47	134
48	16
49	59
50	105
51	149
52	22
53	113
54	89
55	75
56	33
57	98
58	1
59	95
60	82
61	73
62	63
63	131
64	32
65	25
66	51
67	20
68	29
69	99
70	61
71	36
72	66
73	60
74	27
75	145
76	15
77	121
78	125
79	21
80	150
81	106
82	13
83	45
84	44
85	71
86	147
87	129
88	31
89	101
90	116
91	127
92	69
93	39
94	117
95	140
96	57
97	41
98	40
99	53
100	139
101	47
102	110
103	143
104	100
105	87
106	34
107	35
108	124
109	8
110	84
111	103
112	146
113	97
114	107
115	5
116	7
117	30
118	96
119	52
120	81
121	37
122	42
123	28
124	9
125	114
126	108
127	85
128	18
129	65
130	142
131	26
132	19
133	2
134	6
135	120
136	90
137	56
138	141
139	50
140	70
141	137
142	86
143	102
144	135
145	58
146	55
147	132
148	83
149	92
150	111
1	122
2	15
3	14
4	147
5	23
6	101
7	116
8	118
9	24
10	39
11	117
12	41
13	140
14	27
15	72
16	81
17	50
18	132
19	99
20	102
21	55
22	97
23	124
24	63
25	30
26	89
27	35
28	93
29	79
30	88
31	64
32	13
33	71
34	44
35	115
36	125
37	62
38	149
39	22
40	48
41	98
42	1
43	94
44	96
45	52
46	126
47	92
48	134
49	8
50	10
51	113
52	3
53	45
54	4
55	128
56	91
57	68
58	56
59	146
60	26
61	142
62	18
63	85
64	65
65	137
66	70
67	108
68	42
69	6
70	37
71	43
72	133
73	31
74	145
75	129
76	144
77	49
78	136
79	123
80	74
81	112
82	77
83	80
84	78
85	138
86	46
87	54
88	47
89	2
90	19
91	29
92	86
93	109
94	135
95	58
96	83
97	75
98	7
99	100
100	143
101	5
102	107
103	95
104	82
105	103
106	34
107	73
108	76
109	87
110	84
111	111
112	33
113	16
114	121
115	104
116	119
117	106
118	150
119	21
120	59
121	105
122	90
123	25
124	141
125	9
126	114
127	139
128	28
129	120
130	40
131	53
132	51
133	67
134	12
135	69
136	127
137	57
138	11
139	36
140	61
141	66
142	60
143	148
144	17
145	130
146	32
147	110
148	20
149	38
150	131
1	32
2	131
3	116
4	127
5	41
6	101
7	140
8	60
9	66
10	11
11	36
12	61
13	17
14	130
15	148
16	109
17	80
18	122
19	117
20	57
21	39
22	69
23	24
24	12
25	118
26	43
27	73
28	82
29	95
30	1
31	98
32	97
33	89
34	113
35	125
36	115
37	13
38	91
39	119
40	71
41	74
42	112
43	136
44	144
45	49
46	147
47	44
48	22
49	149
50	62
51	59
52	16
53	105
54	15
55	45
56	128
57	14
58	77
59	67
60	47
61	139
62	42
63	28
64	9
65	40
66	53
67	20
68	51
69	90
70	83
71	56
72	126
73	75
74	135
75	81
76	70
77	86
78	132
79	55
80	141
81	29
82	50
83	58
84	110
85	92
86	93
87	35
88	107
89	87
90	76
91	103
92	84
93	8
94	124
95	100
96	143
97	5
98	34
99	48
100	63
101	10
102	3
103	7
104	30
105	96
106	52
107	21
108	150
109	106
110	68
111	104
112	4
113	64
114	133
115	33
116	134
117	46
118	138
119	54
120	146
121	121
122	94
123	88
124	79
125	78
126	26
127	65
128	142
129	18
130	85
131	137
132	108
133	114
134	120
135	2
136	6
137	37
138	99
139	19
140	102
141	25
142	111
143	23
144	145
145	129
146	27
147	72
148	123
149	31
150	38
1	122
2	133
3	15
4	14
5	147
6	23
7	101
8	116
9	118
10	24
11	39
12	117
13	41
14	57
15	140
16	27
17	72
18	81
19	50
20	132
21	99
22	102
23	55
24	97
25	124
26	63
27	30
28	89
29	35
30	93
31	79
32	88
33	64
34	13
35	71
36	44
37	115
38	125
39	62
40	149
41	22
42	48
43	98
44	1
45	94
46	96
47	52
48	126
49	92
50	134
51	111
52	84
53	87
54	76
55	73
56	34
57	103
58	82
59	95
60	107
61	5
62	143
63	100
64	7
65	75
66	83
67	58
68	135
69	110
70	86
71	108
72	19
73	2
74	47
75	54
76	46
77	138
78	78
79	80
80	77
81	112
82	74
83	123
84	136
85	49
86	144
87	129
88	145
89	31
90	43
91	37
92	6
93	42
94	29
95	70
96	137
97	65
98	85
99	18
100	142
101	26
102	146
103	56
104	68
105	91
106	128
107	4
108	45
109	3
110	113
111	10
112	8
113	33
114	16
115	121
116	104
117	119
118	106
119	150
120	21
121	59
122	105
123	90
124	25
125	141
126	9
127	114
128	139
129	28
130	120
131	40
132	53
133	51
134	67
135	12
136	69
137	127
138	11
139	36
140	61
141	66
142	60
143	148
144	17
145	130
146	32
147	109
148	20
149	38
150	131
1	51
2	134
3	67
4	109
5	17
6	117
7	129
8	80
9	59
10	15
11	14
12	147
13	23
14	101
15	116
16	118
17	24
18	39
19	41
20	140
21	27
22	72
23	68
24	91
25	128
26	4
27	45
28	3
29	113
30	10
31	8
32	105
33	122
34	21
35	150
36	106
37	119
38	104
39	121
40	16
41	33
42	111
43	84
44	87
45	76
46	73
47	34
48	103
49	82
50	107
51	95
52	5
53	143
54	100
55	7
56	124
57	75
58	83
59	58
60	135
61	86
62	29
63	19
64	2
65	47
66	54
67	46
68	138
69	78
70	77
71	112
72	74
73	123
74	136
75	49
76	144
77	145
78	31
79	133
80	43
81	37
82	6
83	42
84	108
85	70
86	137
87	65
88	85
89	18
90	142
91	26
92	146
93	56
94	81
95	50
96	132
97	99
98	102
99	55
100	97
101	63
102	30
103	89
104	35
105	93
106	79
107	88
108	64
109	13
110	71
111	44
112	115
113	125
114	62
115	149
116	22
117	48
118	98
119	1
120	94
121	96
122	52
123	126
124	92
125	90
126	25
127	141
128	114
129	9
130	28
131	139
132	120
133	40
134	53
135	12
136	69
137	127
138	57
139	11
140	36
141	61
142	66
143	60
144	148
145	130
146	131
147	32
148	38
149	110
150	20
1	122
2	133
3	15
4	14
5	147
6	23
7	101
8	116
9	118
10	24
11	39
12	41
13	117
14	57
15	140
16	27
17	129
18	144
19	49
20	136
21	123
22	74
23	112
24	77
25	80
26	78
27	138
28	46
29	54
30	47
31	2
32	19
33	108
34	86
35	110
36	135
37	58
38	83
39	75
40	7
41	100
42	143
43	5
44	107
45	95
46	82
47	103
48	34
49	73
50	76
51	87
52	84
53	111
54	134
55	92
56	90
57	25
58	141
59	9
60	114
61	139
62	28
63	37
64	6
65	42
66	29
67	70
68	137
69	65
70	85
71	18
72	142
73	26
74	146
75	56
76	68
77	91
78	128
79	4
80	45
81	3
82	113
83	10
84	8
85	33
86	16
87	121
88	104
89	119
90	106
91	150
92	21
93	59
94	105
95	126
96	52
97	96
98	94
99	1
100	98
101	48
102	149
103	62
104	125
105	22
106	115
107	44
108	71
109	13
110	64
111	88
112	79
113	93
114	35
115	89
116	30
117	63
118	124
119	97
120	55
121	102
122	99
123	132
124	50
125	81
126	72
127	145
128	31
129	43
130	120
131	40
132	53
133	51
134	67
135	12
136	69
137	127
138	11
139	36
140	61
141	66
142	60
143	148
144	17
145	130
146	38
147	32
148	109
149	20
150	131
1	32
2	131
3	122
4	133
5	15
6	14
7	147
8	23
9	101
10	116
11	118
12	24
13	39
14	117
15	41
16	57
17	140
18	27
19	72
20	28
21	81
22	50
23	132
24	99
25	102
26	55
27	29
28	114
29	70
30	137
31	65
32	85
33	18
34	142
35	26
36	146
37	56
38	75
39	83
40	58
41	135
42	20
43	110
44	86
45	108
46	19
47	2
48	47
49	42
50	6
51	37
52	43
53	31
54	145
55	129
56	144
57	49
58	136
59	123
60	74
61	112
62	77
63	80
64	78
65	138
66	46
67	54
68	97
69	124
70	93
71	35
72	89
73	30
74	63
75	79
76	88
77	21
78	64
79	71
80	13
81	44
82	115
83	22
84	125
85	62
86	149
87	48
88	98
89	1
90	94
91	96
92	52
93	126
94	92
95	134
96	111
97	84
98	87
99	76
100	73
101	34
102	103
103	82
104	95
105	107
106	5
107	143
108	100
109	7
110	91
111	68
112	128
113	4
114	45
115	3
116	113
117	10
118	8
119	33
120	16
121	121
122	104
123	119
124	106
125	150
126	59
127	105
128	90
129	25
130	141
131	9
132	139
133	120
134	40
135	53
136	51
137	67
138	12
139	69
140	127
141	11
142	36
143	61
144	66
145	60
146	148
147	17
148	130
149	109
150	38
1	122
2	133
3	15
4	78
5	77
6	14
7	147
8	23
9	101
10	116
11	130
12	17
13	148
14	60
15	66
16	61
17	36
18	11
19	69
20	127
21	12
22	67
23	51
24	53
25	40
26	120
27	139
28	141
29	54
30	46
31	138
32	47
33	42
34	2
35	19
36	81
37	50
38	132
39	99
40	102
41	114
42	55
43	124
44	63
45	30
46	89
47	35
48	93
49	79
50	88
51	64
52	13
53	45
54	71
55	44
56	115
57	22
58	125
59	62
60	149
61	113
62	10
63	121
64	8
65	33
66	16
67	150
68	104
69	119
70	106
71	21
72	59
73	56
74	90
75	25
76	28
77	9
78	108
79	86
80	110
81	135
82	58
83	83
84	75
85	97
86	7
87	100
88	143
89	5
90	107
91	95
92	82
93	103
94	34
95	73
96	76
97	87
98	84
99	111
100	134
101	92
102	126
103	52
104	96
105	94
106	1
107	98
108	48
109	3
110	4
111	128
112	91
113	68
114	105
115	146
116	26
117	142
118	18
119	85
120	65
121	137
122	70
123	29
124	6
125	37
126	43
127	145
128	129
129	144
130	49
131	136
132	123
133	74
134	112
135	80
136	72
137	31
138	27
139	140
140	57
141	41
142	117
143	39
144	24
145	118
146	109
147	20
148	38
149	32
150	131
1	32
2	131
3	122
4	133
5	15
6	14
7	147
8	23
9	101
10	116
11	12
12	67
13	51
14	53
15	40
16	120
17	9
18	141
19	25
20	90
21	138
22	46
23	54
24	97
25	124
26	93
27	35
28	89
29	30
30	63
31	79
32	88
33	21
34	64
35	13
36	71
37	44
38	115
39	22
40	125
41	62
42	149
43	48
44	98
45	1
46	94
47	96
48	52
49	126
50	92
51	134
52	111
53	84
54	7
55	100
56	143
57	5
58	107
59	95
60	82
61	103
62	34
63	73
64	76
65	87
66	91
67	68
68	128
69	4
70	45
71	3
72	113
73	10
74	8
75	33
76	16
77	121
78	104
79	119
80	106
81	150
82	59
83	105
84	78
85	80
86	77
87	112
88	74
89	123
90	136
91	49
92	144
93	129
94	145
95	31
96	43
97	139
98	37
99	6
100	42
101	47
102	2
103	19
104	108
105	86
106	81
107	50
108	132
109	99
110	102
111	55
112	29
113	114
114	70
115	137
116	65
117	85
118	18
119	142
120	26
121	146
122	56
123	75
124	83
125	58
126	135
127	20
128	110
129	28
130	72
131	27
132	140
133	57
134	41
135	117
136	39
137	24
138	118
139	69
140	127
141	11
142	36
143	61
144	66
145	60
146	148
147	17
148	130
149	109
150	38
1	32
2	131
3	122
4	133
5	15
6	14
7	147
8	23
9	101
10	116
11	12
12	67
13	51
14	20
15	53
16	40
17	120
18	9
19	141
20	25
21	90
22	138
23	46
24	54
25	97
26	124
27	93
28	35
29	89
30	30
31	63
32	79
33	88
34	21
35	64
36	13
37	71
38	44
39	115
40	22
41	125
42	62
43	149
44	48
45	98
46	1
47	94
48	96
49	52
50	126
51	92
52	134
53	111
54	10
55	113
56	3
57	45
58	4
59	128
60	68
61	91
62	87
63	76
64	73
65	34
66	103
67	82
68	95
69	107
70	5
71	143
72	100
73	7
74	84
75	8
76	33
77	16
78	121
79	104
80	119
81	106
82	150
83	59
84	105
85	78
86	80
87	77
88	112
89	74
90	123
91	136
92	49
93	144
94	129
95	145
96	31
97	43
98	139
99	37
100	6
101	42
102	47
103	2
104	19
105	108
106	86
107	81
108	50
109	132
110	99
111	102
112	55
113	29
114	114
115	70
116	137
117	65
118	85
119	18
120	142
121	26
122	146
123	56
124	75
125	83
126	58
127	135
128	110
129	28
130	72
131	27
132	140
133	57
134	41
135	117
136	39
137	24
138	118
139	69
140	127
141	11
142	36
143	61
144	66
145	60
146	148
147	17
148	130
149	109
150	38
1	15
2	59
3	33
4	111
5	133
6	32
7	23
8	38
9	131
10	122
11	16
12	105
13	134
14	46
15	51
16	53
17	42
18	116
19	118
20	24
21	39
22	17
23	66
24	11
25	61
26	69
27	127
28	130
29	148
30	140
31	117
32	60
33	101
34	109
35	67
36	12
37	43
38	36
39	40
40	25
41	146
42	26
43	83
44	75
45	20
46	90
47	135
48	70
49	102
50	108
51	19
52	114
53	99
54	28
55	37
56	81
57	58
58	141
59	55
60	29
61	2
62	110
63	6
64	9
65	120
66	139
67	47
68	86
69	56
70	93
71	89
72	96
73	84
74	97
75	8
76	126
77	54
78	138
79	92
80	52
81	35
82	143
83	5
84	107
85	95
86	82
87	103
88	87
89	34
90	1
91	98
92	7
93	100
94	18
95	85
96	50
97	137
98	132
99	65
100	142
101	124
102	3
103	62
104	21
105	71
106	4
107	22
108	104
109	45
110	44
111	128
112	119
113	68
114	91
115	64
116	145
117	147
118	49
119	115
120	150
121	125
122	149
123	136
124	112
125	74
126	123
127	27
128	106
129	13
130	129
131	41
132	57
133	144
134	31
135	72
136	77
137	80
138	14
139	79
140	121
141	113
142	48
143	76
144	73
145	63
146	30
147	10
148	94
149	88
150	78
1	122
2	133
3	15
4	14
5	112
6	78
7	80
8	77
9	138
10	46
11	90
12	47
13	2
14	19
15	108
16	50
17	114
18	102
19	99
20	132
21	55
22	97
23	124
24	30
25	89
26	35
27	93
28	121
29	88
30	64
31	13
32	71
33	44
34	115
35	22
36	125
37	62
38	3
39	149
40	104
41	4
42	128
43	91
44	68
45	56
46	146
47	26
48	142
49	18
50	85
51	65
52	137
53	70
54	29
55	28
56	37
57	6
58	42
59	139
60	24
61	118
62	116
63	101
64	23
65	129
66	27
67	140
68	57
69	117
70	41
71	39
72	72
73	147
74	144
75	49
76	136
77	123
78	74
79	145
80	31
81	43
82	141
83	25
84	20
85	54
86	92
87	134
88	111
89	8
90	1
91	98
92	48
93	113
94	10
95	94
96	105
97	59
98	21
99	150
100	106
101	119
102	45
103	79
104	16
105	33
106	126
107	52
108	96
109	84
110	63
111	87
112	76
113	73
114	34
115	103
116	82
117	95
118	107
119	5
120	143
121	100
122	7
123	75
124	83
125	58
126	135
127	110
128	86
129	81
130	9
131	120
132	40
133	53
134	51
135	109
136	67
137	12
138	69
139	127
140	11
141	36
142	61
143	66
144	60
145	17
146	148
147	130
148	38
149	32
150	131
1	122
2	133
3	15
4	14
5	112
6	78
7	80
8	77
9	138
10	46
11	90
12	47
13	2
14	19
15	108
16	50
17	114
18	102
19	99
20	132
21	55
22	97
23	124
24	30
25	89
26	35
27	93
28	121
29	88
30	64
31	13
32	71
33	44
34	115
35	149
36	3
37	62
38	125
39	22
40	104
41	4
42	128
43	91
44	68
45	56
46	146
47	26
48	142
49	18
50	85
51	65
52	137
53	70
54	110
55	28
56	37
57	6
58	42
59	139
60	24
61	118
62	116
63	101
64	23
65	129
66	27
67	140
68	57
69	117
70	41
71	39
72	72
73	147
74	144
75	49
76	145
77	123
78	74
79	136
80	31
81	43
82	141
83	25
84	20
85	54
86	92
87	134
88	111
89	8
90	1
91	98
92	48
93	113
94	10
95	94
96	105
97	59
98	21
99	150
100	106
101	119
102	45
103	79
104	16
105	33
106	126
107	52
108	96
109	84
110	63
111	87
112	76
113	73
114	34
115	103
116	82
117	95
118	107
119	5
120	143
121	100
122	7
123	75
124	83
125	58
126	135
127	29
128	86
129	81
130	9
131	120
132	40
133	53
134	51
135	109
136	67
137	12
138	69
139	127
140	11
141	36
142	61
143	66
144	60
145	17
146	148
147	130
148	38
149	32
150	131
1	122
2	80
3	15
4	14
5	112
6	78
7	133
8	77
9	138
10	46
11	90
12	47
13	2
14	19
15	108
16	50
17	114
18	102
19	99
20	132
21	55
22	97
23	124
24	30
25	89
26	35
27	93
28	121
29	88
30	64
31	13
32	71
33	44
34	115
35	22
36	125
37	62
38	3
39	149
40	104
41	4
42	128
43	91
44	68
45	31
46	136
47	74
48	123
49	145
50	49
51	144
52	147
53	72
54	39
55	41
56	117
57	57
58	140
59	27
60	129
61	23
62	101
63	116
64	118
65	24
66	139
67	42
68	6
69	37
70	28
71	29
72	70
73	137
74	65
75	85
76	18
77	142
78	26
79	146
80	56
81	43
82	141
83	25
84	20
85	54
86	92
87	134
88	111
89	8
90	1
91	98
92	48
93	113
94	10
95	94
96	105
97	59
98	21
99	150
100	106
101	119
102	45
103	79
104	16
105	33
106	126
107	52
108	96
109	84
110	63
111	87
112	76
113	73
114	34
115	7
116	103
117	82
118	95
119	107
120	5
121	143
122	100
123	75
124	83
125	58
126	135
127	110
128	86
129	81
130	9
131	120
132	40
133	53
134	51
135	12
136	109
137	67
138	61
139	36
140	11
141	148
142	130
143	17
144	66
145	60
146	69
147	127
148	32
149	38
150	131
1	15
2	80
3	122
4	14
5	112
6	78
7	133
8	77
9	138
10	46
11	43
12	47
13	2
14	19
15	108
16	50
17	114
18	102
19	99
20	132
21	55
22	97
23	124
24	30
25	89
26	35
27	93
28	121
29	88
30	64
31	13
32	71
33	44
34	115
35	22
36	125
37	62
38	3
39	149
40	104
41	4
42	128
43	91
44	68
45	31
46	136
47	74
48	123
49	145
50	49
51	144
52	147
53	72
54	39
55	41
56	117
57	57
58	140
59	27
60	129
61	23
62	101
63	116
64	118
65	24
66	139
67	42
68	6
69	37
70	81
71	86
72	110
73	135
74	58
75	83
76	75
77	100
78	143
79	5
80	107
81	95
82	82
83	103
84	7
85	34
86	73
87	76
88	87
89	63
90	84
91	96
92	52
93	126
94	33
95	16
96	79
97	45
98	119
99	106
100	150
101	21
102	59
103	111
104	105
105	94
106	10
107	113
108	48
109	98
110	1
111	8
112	134
113	92
114	54
115	20
116	25
117	141
118	90
119	56
120	146
121	26
122	142
123	18
124	85
125	65
126	137
127	70
128	29
129	28
130	9
131	120
132	40
133	51
134	109
135	67
136	12
137	69
138	127
139	61
140	36
141	11
142	148
143	130
144	17
145	66
146	60
147	53
148	32
149	131
150	38
1	15
2	80
3	122
4	14
5	112
6	78
7	133
8	77
9	138
10	46
11	43
12	47
13	2
14	19
15	108
16	50
17	114
18	102
19	99
20	132
21	55
22	97
23	124
24	30
25	89
26	35
27	93
28	121
29	88
30	64
31	13
32	71
33	44
34	115
35	22
36	125
37	62
38	3
39	149
40	104
41	4
42	128
43	91
44	68
45	145
46	136
47	74
48	123
49	31
50	49
51	144
52	147
53	72
54	39
55	41
56	117
57	57
58	140
59	27
60	129
61	23
62	101
63	116
64	118
65	24
66	139
67	42
68	6
69	37
70	81
71	29
72	110
73	135
74	58
75	83
76	75
77	100
78	143
79	5
80	107
81	95
82	82
83	103
84	7
85	34
86	73
87	76
88	87
89	63
90	84
91	96
92	52
93	126
94	33
95	16
96	79
97	45
98	119
99	106
100	150
101	21
102	59
103	111
104	105
105	94
106	10
107	113
108	48
109	98
110	1
111	8
112	134
113	92
114	54
115	20
116	25
117	141
118	90
119	56
120	146
121	26
122	142
123	18
124	85
125	65
126	137
127	70
128	86
129	28
130	9
131	120
132	40
133	51
134	109
135	67
136	12
137	69
138	127
139	61
140	36
141	11
142	148
143	130
144	17
145	66
146	60
147	53
148	32
149	131
150	38
1	15
2	80
3	122
4	14
5	112
6	78
7	133
8	77
9	138
10	46
11	43
12	47
13	2
14	19
15	108
16	50
17	114
18	99
19	102
20	132
21	55
22	97
23	124
24	30
25	89
26	35
27	93
28	121
29	88
30	64
31	13
32	71
33	44
34	115
35	22
36	125
37	62
38	3
39	149
40	104
41	4
42	128
43	91
44	68
45	145
46	136
47	74
48	123
49	31
50	147
51	144
52	49
53	72
54	39
55	41
56	117
57	57
58	140
59	27
60	129
61	23
62	101
63	116
64	118
65	24
66	139
67	42
68	6
69	37
70	81
71	29
72	110
73	135
74	58
75	83
76	75
77	100
78	143
79	5
80	107
81	95
82	82
83	103
84	7
85	34
86	73
87	76
88	87
89	63
90	84
91	96
92	52
93	126
94	33
95	16
96	79
97	45
98	119
99	106
100	150
101	21
102	59
103	111
104	105
105	94
106	10
107	113
108	48
109	1
110	98
111	8
112	134
113	92
114	54
115	20
116	25
117	141
118	90
119	56
120	146
121	26
122	142
123	18
124	85
125	65
126	137
127	70
128	86
129	28
130	9
131	120
132	40
133	53
134	51
135	109
136	67
137	12
138	69
139	127
140	61
141	36
142	11
143	148
144	130
145	17
146	66
147	60
148	38
149	32
150	131
1	15
2	80
3	122
4	14
5	112
6	78
7	133
8	77
9	138
10	46
11	43
12	47
13	2
14	19
15	108
16	50
17	114
18	102
19	99
20	132
21	55
22	97
23	124
24	30
25	89
26	35
27	93
28	121
29	88
30	64
31	13
32	71
33	44
34	115
35	22
36	125
37	62
38	3
39	149
40	104
41	4
42	128
43	91
44	68
45	119
46	45
47	106
48	145
49	136
50	74
51	123
52	31
53	147
54	144
55	49
56	72
57	39
58	41
59	117
60	57
61	140
62	27
63	129
64	23
65	101
66	116
67	118
68	24
69	139
70	42
71	6
72	37
73	81
74	29
75	110
76	135
77	58
78	83
79	75
80	100
81	143
82	5
83	107
84	95
85	82
86	103
87	7
88	34
89	73
90	76
91	87
92	63
93	84
94	96
95	52
96	126
97	33
98	16
99	79
100	150
101	21
102	59
103	111
104	105
105	94
106	10
107	113
108	48
109	1
110	98
111	8
112	134
113	92
114	54
115	20
116	25
117	141
118	90
119	56
120	146
121	26
122	142
123	18
124	85
125	65
126	137
127	70
128	86
129	9
130	28
131	120
132	40
133	53
134	51
135	109
136	67
137	12
138	69
139	127
140	61
141	36
142	11
143	148
144	130
145	17
146	66
147	60
148	38
149	32
150	131
1	15
2	80
3	122
4	14
5	112
6	78
7	133
8	77
9	138
10	46
11	43
12	47
13	2
14	19
15	108
16	50
17	29
18	114
19	99
20	102
21	132
22	55
23	97
24	124
25	30
26	89
27	35
28	93
29	121
30	88
31	64
32	145
33	72
34	136
35	74
36	123
37	31
38	144
39	147
40	49
41	39
42	41
43	117
44	57
45	140
46	27
47	129
48	23
49	101
50	116
51	118
52	24
53	139
54	42
55	6
56	37
57	81
58	110
59	135
60	58
61	83
62	75
63	100
64	143
65	5
66	107
67	95
68	82
69	103
70	7
71	34
72	73
73	76
74	87
75	63
76	84
77	96
78	52
79	126
80	33
81	16
82	79
83	45
84	128
85	68
86	91
87	119
88	4
89	104
90	149
91	3
92	62
93	125
94	22
95	115
96	44
97	71
98	13
99	106
100	150
101	21
102	59
103	111
104	105
105	94
106	10
107	113
108	48
109	1
110	98
111	8
112	134
113	92
114	54
115	20
116	25
117	141
118	90
119	56
120	146
121	26
122	142
123	18
124	85
125	65
126	137
127	70
128	86
129	28
130	9
131	120
132	40
133	53
134	51
135	109
136	67
137	12
138	69
139	127
140	61
141	36
142	11
143	148
144	130
145	17
146	66
147	60
148	38
149	32
150	131
1	122
2	133
3	15
4	14
5	112
6	45
7	119
8	106
9	13
10	64
11	88
12	121
13	93
14	35
15	89
16	30
17	124
18	97
19	55
20	132
21	99
22	102
23	114
24	50
25	108
26	19
27	2
28	47
29	43
30	46
31	138
32	134
33	77
34	80
35	78
36	79
37	16
38	33
39	126
40	52
41	96
42	84
43	63
44	87
45	76
46	73
47	34
48	7
49	103
50	82
51	95
52	107
53	5
54	143
55	100
56	75
57	83
58	58
59	135
60	110
61	29
62	81
63	37
64	6
65	42
66	139
67	12
68	67
69	109
70	51
71	53
72	40
73	120
74	9
75	28
76	86
77	70
78	137
79	65
80	85
81	18
82	142
83	26
84	146
85	56
86	90
87	141
88	25
89	20
90	54
91	92
92	8
93	98
94	1
95	48
96	113
97	10
98	94
99	105
100	111
101	59
102	21
103	150
104	71
105	44
106	115
107	22
108	125
109	62
110	3
111	149
112	104
113	4
114	128
115	91
116	68
117	145
118	136
119	74
120	123
121	31
122	27
123	140
124	57
125	117
126	39
127	41
128	72
129	49
130	144
131	147
132	129
133	23
134	101
135	60
136	66
137	17
138	130
139	148
140	11
141	36
142	61
143	127
144	69
145	24
146	118
147	116
148	38
149	32
150	131
1	77
2	133
3	78
4	112
5	14
6	122
7	80
8	15
9	138
10	46
11	43
12	47
13	2
14	19
15	108
16	50
17	29
18	114
19	99
20	102
21	132
22	55
23	58
24	135
25	110
26	81
27	37
28	6
29	42
30	139
31	24
32	118
33	116
34	101
35	23
36	129
37	27
38	140
39	57
40	117
41	41
42	39
43	49
44	147
45	144
46	31
47	123
48	74
49	136
50	72
51	145
52	64
53	88
54	121
55	93
56	35
57	89
58	30
59	124
60	97
61	83
62	75
63	100
64	143
65	5
66	107
67	95
68	82
69	103
70	7
71	34
72	73
73	76
74	87
75	63
76	84
77	96
78	52
79	126
80	33
81	16
82	79
83	45
84	128
85	68
86	91
87	119
88	4
89	104
90	149
91	3
92	62
93	125
94	22
95	115
96	44
97	71
98	13
99	106
100	150
101	21
102	59
103	111
104	105
105	94
106	10
107	113
108	48
109	1
110	98
111	8
112	134
113	92
114	54
115	20
116	25
117	141
118	90
119	56
120	146
121	26
122	142
123	18
124	85
125	65
126	137
127	70
128	86
129	9
130	28
131	120
132	40
133	53
134	51
135	109
136	67
137	12
138	69
139	127
140	61
141	36
142	11
143	148
144	130
145	17
146	66
147	60
148	38
149	32
150	131
1	15
2	80
3	122
4	14
5	112
6	78
7	133
8	77
9	138
10	46
11	43
12	47
13	2
14	19
15	108
16	50
17	102
18	114
19	99
20	55
21	132
22	97
23	124
24	30
25	89
26	35
27	93
28	121
29	88
30	79
31	16
32	33
33	126
34	52
35	96
36	84
37	63
38	87
39	76
40	73
41	34
42	7
43	103
44	82
45	95
46	107
47	5
48	143
49	100
50	75
51	83
52	58
53	135
54	110
55	29
56	81
57	37
58	6
59	42
60	139
61	24
62	118
63	116
64	101
65	57
66	39
67	41
68	117
69	140
70	27
71	129
72	23
73	72
74	49
75	144
76	147
77	31
78	123
79	74
80	136
81	145
82	64
83	45
84	128
85	68
86	91
87	119
88	106
89	13
90	71
91	44
92	115
93	22
94	125
95	62
96	3
97	149
98	104
99	4
100	150
101	21
102	59
103	111
104	105
105	94
106	10
107	113
108	48
109	1
110	98
111	8
112	134
113	92
114	54
115	20
116	25
117	141
118	90
119	56
120	146
121	26
122	142
123	18
124	85
125	65
126	137
127	70
128	86
129	28
130	9
131	120
132	40
133	53
134	51
135	109
136	67
137	12
138	69
139	127
140	61
141	36
142	11
143	148
144	130
145	17
146	66
147	60
148	38
149	32
150	131
1	122
2	80
3	14
4	15
5	112
6	78
7	133
8	77
9	138
10	46
11	43
12	47
13	2
14	19
15	108
16	50
17	102
18	114
19	99
20	55
21	132
22	97
23	124
24	84
25	30
26	89
27	35
28	93
29	121
30	88
31	79
32	16
33	105
34	111
35	59
36	21
37	150
38	4
39	104
40	149
41	3
42	62
43	125
44	22
45	115
46	44
47	71
48	13
49	106
50	119
51	91
52	68
53	128
54	45
55	64
56	145
57	136
58	74
59	123
60	31
61	147
62	144
63	49
64	72
65	23
66	129
67	27
68	140
69	117
70	41
71	39
72	57
73	101
74	116
75	118
76	24
77	139
78	42
79	6
80	37
81	81
82	29
83	110
84	135
85	58
86	83
87	75
88	100
89	143
90	5
91	107
92	95
93	82
94	103
95	7
96	34
97	73
98	76
99	48
100	113
101	10
102	94
103	33
104	126
105	52
106	96
107	63
108	87
109	1
110	98
111	8
112	134
113	92
114	54
115	20
116	25
117	141
118	90
119	56
120	146
121	26
122	142
123	18
124	85
125	65
126	137
127	70
128	86
129	9
130	28
131	120
132	40
133	53
134	51
135	109
136	67
137	12
138	69
139	127
140	61
141	36
142	11
143	148
144	130
145	17
146	66
147	60
148	38
149	32
150	131
1	15
2	80
3	122
4	14
5	112
6	78
7	133
8	77
9	138
10	46
11	43
12	47
13	2
14	19
15	108
16	50
17	102
18	114
19	99
20	55
21	132
22	58
23	135
24	110
25	29
26	81
27	37
28	6
29	42
30	139
31	24
32	118
33	116
34	101
35	57
36	39
37	41
38	117
39	140
40	27
41	129
42	23
43	72
44	49
45	144
46	147
47	31
48	123
49	74
50	136
51	145
52	64
53	45
54	128
55	68
56	91
57	119
58	106
59	13
60	71
61	44
62	115
63	22
64	125
65	62
66	3
67	149
68	104
69	4
70	150
71	21
72	59
73	111
74	105
75	94
76	10
77	113
78	48
79	1
80	98
81	8
82	89
83	30
84	124
85	97
86	83
87	75
88	100
89	143
90	5
91	107
92	95
93	82
94	103
95	7
96	34
97	73
98	76
99	87
100	63
101	84
102	96
103	52
104	126
105	33
106	16
107	79
108	88
109	121
110	93
111	35
112	134
113	92
114	54
115	20
116	25
117	141
118	90
119	56
120	146
121	26
122	142
123	18
124	85
125	65
126	137
127	70
128	86
129	28
130	9
131	120
132	40
133	53
134	51
135	109
136	67
137	12
138	69
139	127
140	61
141	36
142	11
143	148
144	130
145	17
146	66
147	60
148	38
149	32
150	131
1	15
2	78
3	122
4	14
5	112
6	80
7	133
8	77
9	138
10	46
11	43
12	47
13	2
14	19
15	108
16	50
17	102
18	114
19	99
20	55
21	132
22	58
23	135
24	110
25	29
26	81
27	37
28	6
29	42
30	139
31	24
32	118
33	116
34	101
35	57
36	39
37	41
38	117
39	140
40	27
41	129
42	23
43	72
44	49
45	144
46	147
47	31
48	123
49	74
50	136
51	145
52	64
53	45
54	128
55	68
56	91
57	119
58	106
59	13
60	71
61	44
62	115
63	150
64	4
65	104
66	149
67	3
68	62
69	125
70	22
71	21
72	59
73	111
74	105
75	94
76	10
77	113
78	48
79	1
80	98
81	8
82	89
83	30
84	124
85	75
86	83
87	97
88	100
89	143
90	5
91	107
92	95
93	82
94	103
95	7
96	34
97	73
98	76
99	87
100	63
101	84
102	96
103	52
104	126
105	33
106	16
107	79
108	88
109	121
110	93
111	35
112	134
113	92
114	54
115	20
116	25
117	141
118	90
119	56
120	146
121	26
122	142
123	18
124	85
125	65
126	137
127	70
128	86
129	28
130	9
131	120
132	40
133	53
134	51
135	109
136	67
137	12
138	69
139	127
140	61
141	36
142	11
143	148
144	130
145	17
146	66
147	60
148	38
149	32
150	131
1	67
2	131
3	122
4	14
5	78
6	112
7	80
8	15
9	133
10	77
11	138
12	46
13	47
14	2
15	19
16	108
17	50
18	102
19	114
20	99
21	55
22	132
23	97
24	124
25	30
26	89
27	35
28	93
29	121
30	88
31	79
32	16
33	33
34	126
35	52
36	96
37	84
38	63
39	87
40	76
41	73
42	34
43	7
44	103
45	82
46	95
47	107
48	5
49	143
50	100
51	75
52	83
53	58
54	135
55	110
56	29
57	86
58	70
59	137
60	65
61	85
62	18
63	142
64	26
65	146
66	56
67	90
68	141
69	81
70	25
71	20
72	92
73	54
74	134
75	8
76	98
77	1
78	48
79	113
80	10
81	94
82	105
83	111
84	59
85	21
86	150
87	4
88	104
89	149
90	3
91	62
92	125
93	22
94	115
95	44
96	71
97	13
98	106
99	119
100	91
101	68
102	128
103	45
104	64
105	145
106	136
107	74
108	123
109	31
110	147
111	144
112	49
113	72
114	23
115	129
116	27
117	140
118	117
119	41
120	39
121	57
122	101
123	116
124	118
125	24
126	139
127	42
128	6
129	37
130	28
131	9
132	120
133	40
134	53
135	51
136	109
137	43
138	12
139	127
140	69
141	61
142	36
143	11
144	148
145	130
146	17
147	66
148	60
149	38
150	32
1	23
2	122
3	133
4	15
5	78
6	14
7	72
8	49
9	144
10	147
11	31
12	123
13	74
14	136
15	145
16	64
17	112
18	45
19	128
20	68
21	91
22	119
23	106
24	13
25	71
26	44
27	115
28	22
29	125
30	62
31	3
32	149
33	104
34	4
35	150
36	21
37	59
38	111
39	105
40	94
41	10
42	113
43	48
44	1
45	98
46	8
47	134
48	138
49	77
50	80
51	129
52	27
53	140
54	117
55	41
56	39
57	57
58	101
59	116
60	12
61	67
62	109
63	51
64	43
65	53
66	40
67	120
68	9
69	37
70	86
71	50
72	137
73	65
74	85
75	18
76	142
77	26
78	146
79	56
80	90
81	141
82	25
83	20
84	54
85	92
86	46
87	47
88	2
89	19
90	108
91	70
92	102
93	114
94	99
95	55
96	132
97	97
98	124
99	30
100	89
101	35
102	93
103	121
104	88
105	79
106	16
107	33
108	126
109	52
110	96
111	84
112	63
113	87
114	76
115	73
116	34
117	7
118	103
119	82
120	95
121	107
122	5
123	143
124	100
125	75
126	83
127	58
128	135
129	29
130	110
131	81
132	28
133	6
134	42
135	139
136	24
137	118
138	69
139	127
140	61
141	36
142	11
143	148
144	130
145	17
146	66
147	60
148	38
149	32
150	131
1	77
2	133
3	78
4	15
5	145
6	14
7	80
8	122
9	138
10	46
11	43
12	110
13	47
14	2
15	19
16	108
17	50
18	102
19	114
20	99
21	55
22	132
23	97
24	124
25	30
26	89
27	35
28	93
29	121
30	88
31	79
32	16
33	33
34	126
35	52
36	134
37	92
38	54
39	20
40	25
41	141
42	90
43	56
44	146
45	26
46	83
47	58
48	135
49	29
50	81
51	37
52	6
53	42
54	9
55	28
56	86
57	70
58	137
59	65
60	85
61	142
62	18
63	75
64	100
65	143
66	5
67	107
68	95
69	82
70	103
71	7
72	34
73	73
74	76
75	87
76	1
77	98
78	8
79	96
80	84
81	63
82	48
83	113
84	10
85	94
86	105
87	111
88	59
89	21
90	150
91	106
92	13
93	71
94	44
95	115
96	22
97	125
98	62
99	3
100	149
101	104
102	4
103	119
104	91
105	68
106	128
107	45
108	64
109	112
110	136
111	74
112	123
113	31
114	147
115	144
116	49
117	72
118	23
119	129
120	27
121	140
122	117
123	41
124	39
125	57
126	101
127	116
128	118
129	24
130	139
131	120
132	40
133	53
134	51
135	109
136	67
137	12
138	69
139	127
140	61
141	36
142	11
143	148
144	130
145	17
146	66
147	60
148	38
149	32
150	131
1	77
2	111
3	105
4	94
5	10
6	113
7	48
8	63
9	84
10	96
11	8
12	98
13	1
14	87
15	76
16	73
17	34
18	7
19	103
20	82
21	95
22	107
23	5
24	143
25	100
26	75
27	18
28	142
29	85
30	65
31	137
32	70
33	29
34	28
35	9
36	42
37	6
38	37
39	81
40	86
41	135
42	58
43	83
44	26
45	146
46	56
47	90
48	141
49	25
50	20
51	54
52	92
53	134
54	52
55	126
56	33
57	16
58	79
59	88
60	121
61	93
62	35
63	89
64	30
65	124
66	97
67	132
68	55
69	99
70	114
71	102
72	50
73	108
74	19
75	2
76	47
77	110
78	43
79	46
80	138
81	122
82	80
83	14
84	145
85	15
86	78
87	133
88	59
89	21
90	150
91	106
92	13
93	71
94	45
95	128
96	68
97	91
98	119
99	4
100	104
101	149
102	3
103	62
104	125
105	22
106	115
107	44
108	64
109	112
110	136
111	74
112	123
113	31
114	147
115	144
116	49
117	72
118	23
119	129
120	27
121	140
122	117
123	41
124	39
125	57
126	101
127	116
128	118
129	24
130	139
131	120
132	40
133	53
134	51
135	109
136	67
137	12
138	127
139	69
140	61
141	36
142	11
143	148
144	130
145	17
146	66
147	60
148	38
149	32
150	131
1	23
2	122
3	133
4	15
5	78
6	14
7	80
8	77
9	138
10	20
11	43
12	110
13	47
14	2
15	19
16	108
17	50
18	102
19	114
20	28
21	9
22	42
23	6
24	37
25	81
26	29
27	135
28	58
29	83
30	26
31	146
32	56
33	90
34	141
35	25
36	46
37	54
38	92
39	134
40	33
41	126
42	52
43	16
44	79
45	88
46	121
47	93
48	35
49	89
50	30
51	124
52	97
53	132
54	55
55	99
56	86
57	70
58	137
59	65
60	85
61	142
62	18
63	75
64	143
65	100
66	5
67	107
68	95
69	82
70	103
71	7
72	34
73	73
74	76
75	87
76	1
77	98
78	8
79	96
80	84
81	63
82	48
83	113
84	10
85	94
86	105
87	111
88	59
89	21
90	150
91	106
92	13
93	71
94	45
95	128
96	68
97	91
98	119
99	4
100	104
101	149
102	3
103	62
104	125
105	22
106	115
107	44
108	64
109	112
110	136
111	74
112	123
113	31
114	147
115	144
116	49
117	72
118	145
119	129
120	27
121	140
122	117
123	41
124	39
125	57
126	101
127	116
128	118
129	24
130	139
131	120
132	40
133	53
134	51
135	109
136	67
137	12
138	69
139	127
140	36
141	61
142	11
143	148
144	130
145	17
146	66
147	60
148	38
149	32
150	131
1	23
2	122
3	133
4	15
5	78
6	14
7	80
8	77
9	138
10	20
11	43
12	109
13	51
14	53
15	40
16	120
17	139
18	24
19	118
20	116
21	101
22	57
23	39
24	41
25	117
26	140
27	27
28	129
29	145
30	72
31	49
32	144
33	147
34	31
35	123
36	74
37	136
38	112
39	64
40	44
41	115
42	22
43	125
44	62
45	3
46	149
47	104
48	4
49	119
50	91
51	68
52	128
53	45
54	71
55	13
56	106
57	150
58	21
59	59
60	111
61	105
62	94
63	10
64	113
65	48
66	63
67	84
68	96
69	8
70	98
71	1
72	87
73	76
74	73
75	34
76	7
77	103
78	82
79	95
80	107
81	5
82	100
83	143
84	75
85	18
86	142
87	85
88	65
89	137
90	70
91	86
92	55
93	132
94	97
95	124
96	30
97	89
98	35
99	93
100	121
101	88
102	79
103	16
104	52
105	126
106	33
107	134
108	92
109	54
110	46
111	25
112	141
113	90
114	56
115	146
116	26
117	83
118	58
119	135
120	29
121	81
122	37
123	6
124	42
125	9
126	28
127	114
128	102
129	50
130	108
131	19
132	99
133	2
134	47
135	110
136	67
137	12
138	69
139	127
140	36
141	61
142	11
143	148
144	130
145	17
146	66
147	60
148	38
149	32
150	131
1	122
2	15
3	78
4	145
5	64
6	44
7	71
8	13
9	106
10	119
11	91
12	68
13	128
14	45
15	115
16	22
17	125
18	62
19	3
20	149
21	104
22	4
23	150
24	21
25	16
26	111
27	105
28	93
29	35
30	89
31	30
32	124
33	97
34	100
35	143
36	5
37	107
38	95
39	82
40	103
41	7
42	84
43	96
44	52
45	126
46	33
47	59
48	79
49	88
50	121
51	94
52	10
53	113
54	48
55	63
56	87
57	76
58	73
59	34
60	1
61	98
62	8
63	92
64	134
65	54
66	20
67	25
68	141
69	90
70	56
71	146
72	26
73	142
74	18
75	85
76	65
77	137
78	70
79	86
80	81
81	29
82	110
83	135
84	58
85	83
86	75
87	132
88	55
89	50
90	108
91	102
92	114
93	99
94	19
95	2
96	47
97	43
98	46
99	138
100	77
101	133
102	80
103	14
104	112
105	136
106	74
107	123
108	31
109	147
110	144
111	49
112	72
113	23
114	129
115	27
116	140
117	117
118	41
119	39
120	57
121	101
122	116
123	118
124	24
125	139
126	42
127	6
128	37
129	28
130	9
131	120
132	40
133	53
134	51
135	109
136	67
137	12
138	69
139	127
140	36
141	61
142	11
143	148
144	130
145	17
146	66
147	60
148	38
149	32
150	131
1	122
2	16
3	78
4	15
5	14
6	80
7	145
8	21
9	150
10	4
11	104
12	149
13	3
14	62
15	125
16	22
17	115
18	44
19	71
20	13
21	106
22	119
23	91
24	68
25	128
26	45
27	64
28	112
29	136
30	74
31	123
32	31
33	144
34	147
35	49
36	72
37	23
38	129
39	27
40	140
41	117
42	41
43	39
44	57
45	101
46	116
47	118
48	24
49	43
50	134
51	92
52	54
53	75
54	83
55	58
56	50
57	47
58	2
59	19
60	99
61	114
62	102
63	108
64	135
65	55
66	65
67	97
68	124
69	89
70	35
71	93
72	121
73	88
74	79
75	94
76	10
77	113
78	48
79	1
80	98
81	7
82	34
83	73
84	76
85	87
86	103
87	82
88	95
89	107
90	5
91	143
92	100
93	8
94	84
95	63
96	30
97	96
98	52
99	126
100	33
101	105
102	111
103	59
104	133
105	77
106	138
107	46
108	20
109	25
110	141
111	90
112	56
113	146
114	26
115	142
116	18
117	85
118	132
119	137
120	70
121	86
122	81
123	29
124	110
125	139
126	42
127	6
128	37
129	9
130	28
131	120
132	40
133	53
134	51
135	109
136	67
137	12
138	127
139	69
140	61
141	36
142	11
143	148
144	130
145	17
146	66
147	60
148	38
149	32
150	131
1	23
2	122
3	133
4	15
5	78
6	14
7	80
8	77
9	138
10	20
11	43
12	110
13	47
14	2
15	19
16	108
17	70
18	102
19	114
20	99
21	55
22	132
23	75
24	83
25	58
26	86
27	81
28	29
29	135
30	50
31	137
32	65
33	85
34	18
35	142
36	26
37	146
38	56
39	90
40	141
41	25
42	46
43	54
44	92
45	134
46	8
47	98
48	1
49	48
50	113
51	10
52	94
53	121
54	88
55	79
56	59
57	52
58	33
59	126
60	96
61	124
62	97
63	100
64	143
65	5
66	107
67	95
68	82
69	103
70	7
71	34
72	73
73	76
74	87
75	63
76	30
77	84
78	89
79	35
80	93
81	105
82	111
83	16
84	21
85	150
86	4
87	104
88	22
89	149
90	3
91	62
92	125
93	115
94	45
95	128
96	68
97	119
98	91
99	106
100	13
101	71
102	44
103	64
104	112
105	136
106	74
107	123
108	31
109	147
110	144
111	49
112	72
113	145
114	129
115	27
116	140
117	117
118	41
119	39
120	57
121	101
122	116
123	24
124	118
125	139
126	42
127	37
128	6
129	28
130	9
131	120
132	40
133	53
134	51
135	109
136	67
137	12
138	69
139	127
140	36
141	61
142	11
143	148
144	130
145	17
146	66
147	60
148	38
149	32
150	131
1	23
2	122
3	133
4	15
5	78
6	14
7	80
8	77
9	138
10	20
11	43
12	110
13	47
14	2
15	19
16	108
17	70
18	102
19	114
20	99
21	55
22	132
23	75
24	83
25	58
26	86
27	81
28	29
29	135
30	50
31	137
32	65
33	85
34	18
35	142
36	26
37	146
38	56
39	90
40	141
41	25
42	46
43	92
44	54
45	134
46	8
47	98
48	1
49	48
50	113
51	10
52	94
53	121
54	88
55	79
56	59
57	52
58	33
59	126
60	96
61	124
62	97
63	100
64	143
65	5
66	107
67	95
68	82
69	103
70	7
71	34
72	73
73	76
74	87
75	63
76	30
77	84
78	89
79	35
80	93
81	105
82	111
83	16
84	21
85	150
86	4
87	104
88	22
89	149
90	3
91	62
92	125
93	115
94	45
95	128
96	68
97	119
98	91
99	106
100	13
101	71
102	44
103	64
104	112
105	136
106	74
107	123
108	31
109	147
110	144
111	49
112	72
113	145
114	129
115	27
116	140
117	117
118	41
119	39
120	57
121	101
122	116
123	24
124	118
125	139
126	42
127	37
128	6
129	28
130	9
131	120
132	40
133	53
134	51
135	109
136	67
137	12
138	69
139	127
140	61
141	36
142	11
143	148
144	130
145	17
146	66
147	60
148	38
149	32
150	131
1	23
2	122
3	133
4	15
5	78
6	14
7	80
8	77
9	138
10	46
11	43
12	47
13	2
14	19
15	99
16	114
17	102
18	137
19	70
20	86
21	81
22	110
23	29
24	108
25	50
26	135
27	132
28	55
29	58
30	83
31	75
32	65
33	85
34	18
35	142
36	26
37	146
38	56
39	90
40	141
41	25
42	20
43	54
44	92
45	134
46	59
47	79
48	16
49	111
50	105
51	93
52	35
53	89
54	8
55	124
56	97
57	100
58	143
59	5
60	107
61	95
62	82
63	103
64	7
65	63
66	73
67	76
68	87
69	34
70	84
71	30
72	96
73	52
74	126
75	33
76	98
77	1
78	48
79	113
80	10
81	94
82	121
83	88
84	21
85	150
86	4
87	104
88	22
89	149
90	3
91	62
92	125
93	115
94	44
95	71
96	13
97	106
98	91
99	119
100	68
101	128
102	45
103	64
104	112
105	136
106	74
107	123
108	31
109	147
110	144
111	49
112	72
113	145
114	129
115	27
116	140
117	117
118	60
119	66
120	17
121	130
122	148
123	11
124	36
125	61
126	127
127	69
128	12
129	67
130	109
131	51
132	53
133	40
134	120
135	28
136	9
137	37
138	6
139	42
140	139
141	24
142	118
143	116
144	101
145	57
146	39
147	41
148	38
149	32
150	131
1	23
2	122
3	133
4	15
5	78
6	14
7	80
8	77
9	138
10	46
11	43
12	47
13	2
14	19
15	99
16	114
17	102
18	50
19	135
20	86
21	108
22	70
23	137
24	132
25	55
26	58
27	29
28	110
29	81
30	83
31	75
32	65
33	85
34	18
35	142
36	26
37	146
38	56
39	90
40	141
41	25
42	20
43	92
44	54
45	134
46	33
47	59
48	79
49	88
50	121
51	94
52	10
53	113
54	48
55	1
56	7
57	8
58	35
59	89
60	84
61	30
62	63
63	87
64	76
65	73
66	34
67	98
68	103
69	82
70	95
71	107
72	5
73	143
74	100
75	97
76	124
77	96
78	52
79	126
80	93
81	105
82	111
83	16
84	21
85	150
86	4
87	104
88	22
89	149
90	3
91	62
92	125
93	115
94	44
95	71
96	13
97	106
98	91
99	119
100	68
101	128
102	45
103	64
104	112
105	136
106	74
107	123
108	31
109	147
110	144
111	49
112	72
113	145
114	129
115	27
116	140
117	117
118	60
119	66
120	17
121	130
122	148
123	11
124	36
125	61
126	127
127	69
128	12
129	67
130	109
131	51
132	53
133	40
134	120
135	28
136	9
137	37
138	6
139	42
140	139
141	24
142	118
143	116
144	101
145	41
146	57
147	39
148	38
149	32
150	131
1	23
2	122
3	15
4	133
5	78
6	80
7	14
8	77
9	138
10	46
11	43
12	47
13	2
14	19
15	99
16	114
17	102
18	50
19	135
20	86
21	108
22	70
23	137
24	132
25	55
26	58
27	29
28	110
29	81
30	83
31	75
32	85
33	65
34	18
35	142
36	26
37	146
38	56
39	90
40	141
41	25
42	20
43	92
44	54
45	134
46	33
47	52
48	96
49	124
50	97
51	100
52	143
53	5
54	107
55	95
56	82
57	103
58	98
59	34
60	73
61	76
62	87
63	1
64	7
65	8
66	35
67	89
68	84
69	30
70	63
71	48
72	113
73	10
74	94
75	121
76	88
77	79
78	59
79	126
80	93
81	105
82	111
83	16
84	21
85	150
86	4
87	104
88	22
89	62
90	3
91	149
92	125
93	115
94	44
95	71
96	13
97	106
98	91
99	119
100	68
101	128
102	45
103	64
104	112
105	136
106	74
107	123
108	31
109	147
110	145
111	72
112	49
113	144
114	129
115	27
116	140
117	117
118	41
119	39
120	57
121	60
122	66
123	17
124	130
125	148
126	11
127	36
128	61
129	127
130	69
131	12
132	67
133	109
134	51
135	139
136	42
137	6
138	37
139	9
140	28
141	120
142	40
143	53
144	118
145	24
146	116
147	101
148	38
149	32
150	131
1	23
2	122
3	133
4	15
5	78
6	14
7	80
8	77
9	138
10	46
11	43
12	47
13	2
14	19
15	99
16	114
17	102
18	50
19	135
20	86
21	108
22	70
23	137
24	132
25	55
26	58
27	29
28	110
29	81
30	83
31	75
32	85
33	65
34	18
35	142
36	26
37	146
38	56
39	90
40	141
41	25
42	20
43	92
44	54
45	134
46	33
47	59
48	79
49	88
50	121
51	94
52	10
53	113
54	48
55	63
56	30
57	84
58	89
59	35
60	8
61	7
62	1
63	87
64	76
65	73
66	34
67	98
68	103
69	82
70	95
71	107
72	5
73	143
74	100
75	97
76	124
77	96
78	52
79	126
80	93
81	105
82	111
83	16
84	21
85	22
86	125
87	62
88	3
89	149
90	104
91	4
92	150
93	115
94	45
95	128
96	68
97	119
98	91
99	106
100	13
101	71
102	44
103	64
104	112
105	136
106	74
107	123
108	31
109	147
110	144
111	49
112	72
113	145
114	129
115	27
116	117
117	140
118	60
119	66
120	17
121	130
122	148
123	11
124	36
125	61
126	69
127	127
128	12
129	67
130	109
131	51
132	53
133	40
134	120
135	28
136	9
137	37
138	6
139	42
140	139
141	24
142	118
143	116
144	101
145	39
146	57
147	41
148	38
149	32
150	131
1	23
2	122
3	133
4	15
5	78
6	14
7	80
8	77
9	138
10	46
11	51
12	47
13	2
14	19
15	99
16	114
17	102
18	50
19	135
20	86
21	108
22	70
23	137
24	132
25	55
26	58
27	29
28	110
29	81
30	83
31	75
32	85
33	65
34	18
35	142
36	26
37	146
38	56
39	90
40	141
41	25
42	20
43	92
44	54
45	134
46	33
47	59
48	79
49	88
50	121
51	94
52	10
53	113
54	48
55	63
56	30
57	84
58	89
59	35
60	8
61	7
62	1
63	87
64	76
65	73
66	34
67	98
68	103
69	82
70	95
71	107
72	5
73	143
74	100
75	97
76	124
77	96
78	52
79	126
80	93
81	105
82	111
83	16
84	21
85	22
86	125
87	62
88	3
89	149
90	104
91	4
92	150
93	115
94	45
95	128
96	68
97	119
98	91
99	106
100	13
101	71
102	44
103	64
104	112
105	136
106	74
107	123
108	31
109	147
110	144
111	49
112	72
113	145
114	129
115	27
116	117
117	140
118	60
119	66
120	17
121	130
122	148
123	11
124	36
125	61
126	69
127	127
128	12
129	67
130	109
131	43
132	53
133	139
134	120
135	28
136	9
137	37
138	6
139	42
140	40
141	24
142	118
143	116
144	101
145	39
146	57
147	41
148	38
149	32
150	131
1	23
2	122
3	133
4	15
5	78
6	14
7	80
8	77
9	138
10	46
11	43
12	47
13	2
14	19
15	99
16	114
17	102
18	50
19	137
20	132
21	55
22	58
23	135
24	70
25	86
26	108
27	29
28	81
29	110
30	20
31	25
32	141
33	90
34	56
35	146
36	26
37	142
38	18
39	85
40	65
41	75
42	83
43	92
44	54
45	134
46	33
47	59
48	79
49	88
50	121
51	94
52	10
53	113
54	48
55	63
56	30
57	84
58	89
59	35
60	8
61	7
62	1
63	87
64	76
65	73
66	34
67	98
68	103
69	82
70	95
71	107
72	5
73	143
74	100
75	97
76	124
77	96
78	52
79	126
80	93
81	105
82	111
83	16
84	21
85	22
86	125
87	62
88	3
89	149
90	104
91	4
92	150
93	115
94	45
95	128
96	68
97	119
98	91
99	106
100	13
101	71
102	44
103	64
104	112
105	136
106	74
107	123
108	31
109	147
110	144
111	49
112	72
113	145
114	129
115	27
116	117
117	140
118	60
119	66
120	17
121	130
122	148
123	11
124	61
125	36
126	69
127	127
128	118
129	24
130	40
131	120
132	28
133	6
134	37
135	9
136	42
137	139
138	53
139	51
140	109
141	67
142	12
143	116
144	101
145	57
146	39
147	41
148	38
149	32
150	131
1	23
2	122
3	133
4	15
5	78
6	14
7	80
8	77
9	138
10	46
11	51
12	47
13	2
14	19
15	99
16	114
17	102
18	137
19	70
20	108
21	81
22	110
23	29
24	86
25	135
26	50
27	132
28	55
29	58
30	83
31	75
32	65
33	85
34	18
35	142
36	26
37	146
38	56
39	90
40	141
41	25
42	20
43	92
44	54
45	134
46	33
47	59
48	79
49	88
50	121
51	94
52	10
53	113
54	48
55	63
56	30
57	84
58	89
59	35
60	96
61	8
62	7
63	1
64	87
65	76
66	73
67	34
68	98
69	103
70	82
71	95
72	107
73	5
74	143
75	100
76	97
77	124
78	52
79	126
80	93
81	105
82	111
83	16
84	21
85	62
86	3
87	149
88	125
89	22
90	104
91	4
92	150
93	115
94	45
95	128
96	68
97	119
98	91
99	106
100	13
101	71
102	44
103	64
104	112
105	136
106	74
107	123
108	31
109	147
110	144
111	49
112	72
113	145
114	129
115	27
116	117
117	140
118	60
119	66
120	17
121	130
122	148
123	11
124	61
125	36
126	69
127	127
128	118
129	24
130	139
131	42
132	6
133	37
134	9
135	28
136	120
137	40
138	53
139	43
140	109
141	67
142	12
143	116
144	101
145	39
146	57
147	41
148	38
149	32
150	131
1	23
2	122
3	133
4	15
5	78
6	14
7	80
8	77
9	138
10	46
11	20
12	25
13	141
14	90
15	56
16	146
17	26
18	142
19	18
20	85
21	65
22	75
23	83
24	58
25	55
26	132
27	50
28	135
29	86
30	29
31	110
32	81
33	108
34	70
35	137
36	102
37	114
38	99
39	19
40	2
41	47
42	43
43	92
44	54
45	134
46	33
47	111
48	105
49	52
50	126
51	93
52	96
53	124
54	97
55	100
56	143
57	5
58	107
59	95
60	82
61	103
62	98
63	34
64	73
65	76
66	87
67	1
68	7
69	8
70	35
71	89
72	84
73	30
74	63
75	48
76	113
77	10
78	94
79	121
80	88
81	79
82	59
83	16
84	21
85	3
86	62
87	149
88	125
89	22
90	104
91	4
92	150
93	115
94	45
95	128
96	68
97	119
98	91
99	106
100	13
101	71
102	44
103	64
104	112
105	136
106	74
107	123
108	31
109	145
110	72
111	147
112	49
113	144
114	129
115	27
116	117
117	140
118	60
119	66
120	17
121	130
122	148
123	11
124	36
125	61
126	127
127	69
128	118
129	24
130	40
131	120
132	28
133	6
134	37
135	9
136	42
137	139
138	53
139	51
140	109
141	67
142	12
143	116
144	101
145	39
146	57
147	41
148	38
149	32
150	131
1	23
2	122
3	133
4	15
5	78
6	14
7	80
8	77
9	138
10	46
11	51
12	47
13	2
14	19
15	99
16	114
17	102
18	50
19	135
20	86
21	81
22	110
23	29
24	108
25	70
26	137
27	132
28	58
29	55
30	83
31	75
32	65
33	85
34	142
35	18
36	26
37	146
38	56
39	90
40	141
41	25
42	20
43	92
44	54
45	134
46	33
47	111
48	105
49	52
50	126
51	93
52	96
53	124
54	97
55	100
56	143
57	5
58	107
59	95
60	82
61	103
62	98
63	34
64	73
65	76
66	87
67	1
68	7
69	8
70	35
71	89
72	84
73	30
74	63
75	48
76	113
77	10
78	94
79	88
80	121
81	79
82	59
83	16
84	21
85	3
86	62
87	149
88	125
89	22
90	104
91	4
92	150
93	115
94	45
95	128
96	68
97	119
98	91
99	106
100	13
101	71
102	44
103	64
104	112
105	136
106	74
107	123
108	31
109	145
110	72
111	147
112	49
113	144
114	129
115	27
116	117
117	140
118	60
119	66
120	17
121	130
122	148
123	11
124	36
125	61
126	69
127	127
128	118
129	24
130	40
131	120
132	28
133	6
134	37
135	9
136	42
137	139
138	53
139	43
140	109
141	67
142	12
143	116
144	101
145	57
146	39
147	41
148	38
149	32
150	131
1	131
2	122
3	133
4	15
5	78
6	14
7	80
8	77
9	134
10	138
11	51
12	47
13	2
14	19
15	99
16	114
17	102
18	137
19	70
20	108
21	81
22	110
23	29
24	86
25	135
26	50
27	132
28	55
29	58
30	83
31	75
32	65
33	85
34	18
35	142
36	26
37	146
38	56
39	90
40	141
41	25
42	20
43	92
44	54
45	46
46	33
47	111
48	105
49	52
50	126
51	93
52	35
53	124
54	97
55	100
56	143
57	5
58	107
59	95
60	82
61	103
62	98
63	1
64	87
65	76
66	73
67	34
68	7
69	8
70	96
71	89
72	84
73	30
74	63
75	48
76	113
77	10
78	94
79	88
80	121
81	79
82	59
83	16
84	21
85	62
86	3
87	149
88	125
89	22
90	104
91	4
92	150
93	115
94	45
95	128
96	68
97	119
98	91
99	106
100	13
101	71
102	44
103	64
104	112
105	136
106	74
107	123
108	31
109	147
110	144
111	49
112	72
113	145
114	129
115	27
116	117
117	140
118	60
119	66
120	17
121	130
122	148
123	11
124	61
125	36
126	69
127	127
128	118
129	24
130	40
131	120
132	28
133	6
134	37
135	9
136	42
137	139
138	53
139	43
140	109
141	67
142	12
143	116
144	101
145	57
146	39
147	41
148	38
149	32
150	23
1	131
2	122
3	133
4	15
5	78
6	14
7	80
8	77
9	134
10	138
11	51
12	47
13	2
14	19
15	99
16	114
17	102
18	137
19	70
20	108
21	81
22	110
23	29
24	86
25	135
26	50
27	132
28	55
29	58
30	83
31	75
32	65
33	85
34	18
35	142
36	26
37	146
38	56
39	90
40	141
41	25
42	20
43	92
44	54
45	46
46	33
47	111
48	105
49	52
50	126
51	93
52	35
53	124
54	97
55	100
56	143
57	5
58	107
59	95
60	82
61	103
62	98
63	1
64	87
65	76
66	73
67	34
68	7
69	8
70	96
71	89
72	84
73	30
74	63
75	48
76	113
77	10
78	94
79	121
80	88
81	79
82	59
83	16
84	21
85	125
86	149
87	3
88	62
89	22
90	104
91	4
92	150
93	115
94	45
95	128
96	68
97	119
98	91
99	106
100	13
101	71
102	44
103	64
104	112
105	136
106	74
107	123
108	31
109	145
110	72
111	147
112	49
113	144
114	129
115	27
116	117
117	140
118	60
119	66
120	17
121	130
122	148
123	11
124	61
125	36
126	69
127	127
128	118
129	24
130	40
131	120
132	9
133	28
134	6
135	37
136	42
137	139
138	53
139	109
140	43
141	67
142	12
143	116
144	101
145	39
146	57
147	41
148	38
149	32
150	23
1	23
2	80
3	14
4	122
5	15
6	78
7	133
8	77
9	134
10	54
11	92
12	83
13	75
14	65
15	85
16	18
17	142
18	26
19	146
20	56
21	90
22	141
23	25
24	20
25	110
26	81
27	29
28	108
29	86
30	135
31	50
32	58
33	55
34	132
35	137
36	70
37	102
38	114
39	99
40	19
41	2
42	47
43	51
44	138
45	46
46	33
47	111
48	105
49	52
50	126
51	93
52	35
53	124
54	97
55	100
56	143
57	5
58	107
59	95
60	82
61	103
62	98
63	1
64	87
65	76
66	73
67	34
68	7
69	8
70	96
71	89
72	84
73	30
74	63
75	48
76	113
77	10
78	94
79	88
80	121
81	79
82	59
83	16
84	21
85	62
86	3
87	149
88	125
89	22
90	104
91	4
92	150
93	115
94	45
95	128
96	68
97	119
98	91
99	106
100	13
101	71
102	44
103	64
104	112
105	136
106	74
107	123
108	31
109	145
110	72
111	49
112	147
113	144
114	129
115	27
116	117
117	140
118	60
119	66
120	17
121	130
122	148
123	11
124	61
125	36
126	69
127	127
128	118
129	24
130	40
131	120
132	9
133	28
134	6
135	37
136	42
137	139
138	53
139	109
140	43
141	67
142	12
143	116
144	101
145	39
146	57
147	41
148	38
149	32
150	131
1	131
2	122
3	133
4	15
5	78
6	14
7	80
8	77
9	134
10	138
11	51
12	47
13	2
14	19
15	99
16	114
17	102
18	70
19	137
20	132
21	55
22	58
23	50
24	135
25	86
26	108
27	29
28	81
29	110
30	20
31	25
32	141
33	90
34	56
35	146
36	26
37	75
38	65
39	85
40	18
41	142
42	83
43	92
44	54
45	46
46	33
47	111
48	105
49	52
50	126
51	93
52	35
53	124
54	97
55	143
56	100
57	5
58	107
59	95
60	82
61	103
62	98
63	1
64	87
65	76
66	73
67	34
68	7
69	8
70	96
71	89
72	84
73	30
74	63
75	48
76	10
77	113
78	94
79	88
80	121
81	79
82	59
83	16
84	21
85	3
86	62
87	149
88	125
89	22
90	104
91	4
92	150
93	115
94	45
95	128
96	68
97	119
98	91
99	106
100	13
101	71
102	44
103	64
104	112
105	136
106	74
107	123
108	31
109	145
110	72
111	147
112	49
113	144
114	129
115	27
116	117
117	140
118	60
119	66
120	17
121	130
122	148
123	11
124	61
125	36
126	69
127	127
128	118
129	24
130	40
131	120
132	28
133	6
134	9
135	37
136	42
137	139
138	53
139	43
140	109
141	67
142	12
143	116
144	101
145	39
146	57
147	41
148	38
149	23
150	32
1	131
2	122
3	14
4	80
5	15
6	78
7	133
8	77
9	134
10	54
11	92
12	46
13	138
14	51
15	47
16	2
17	19
18	99
19	114
20	102
21	70
22	137
23	132
24	55
25	58
26	50
27	135
28	86
29	108
30	29
31	81
32	110
33	20
34	25
35	141
36	90
37	56
38	146
39	26
40	142
41	18
42	85
43	65
44	75
45	83
46	33
47	111
48	105
49	52
50	126
51	93
52	35
53	124
54	97
55	100
56	143
57	5
58	107
59	95
60	82
61	103
62	98
63	1
64	87
65	76
66	73
67	34
68	7
69	8
70	96
71	89
72	84
73	30
74	63
75	48
76	113
77	10
78	94
79	88
80	121
81	79
82	59
83	16
84	21
85	62
86	3
87	149
88	125
89	22
90	104
91	4
92	150
93	115
94	45
95	128
96	68
97	119
98	91
99	106
100	13
101	71
102	44
103	64
104	112
105	136
106	74
107	123
108	31
109	145
110	72
111	49
112	147
113	144
114	129
115	27
116	117
117	140
118	60
119	66
120	17
121	130
122	148
123	11
124	61
125	36
126	69
127	127
128	118
129	24
130	40
131	120
132	9
133	28
134	6
135	37
136	42
137	139
138	53
139	12
140	43
141	109
142	67
143	116
144	101
145	39
146	57
147	41
148	38
149	32
150	23
1	23
2	122
3	14
4	80
5	78
6	15
7	133
8	77
9	134
10	138
11	51
12	47
13	2
14	19
15	99
16	114
17	102
18	70
19	137
20	132
21	55
22	58
23	50
24	135
25	86
26	108
27	29
28	81
29	110
30	20
31	25
32	141
33	83
34	142
35	18
36	85
37	65
38	75
39	26
40	146
41	56
42	90
43	92
44	54
45	46
46	33
47	111
48	105
49	52
50	126
51	93
52	35
53	124
54	97
55	143
56	100
57	5
58	107
59	95
60	82
61	103
62	98
63	1
64	87
65	76
66	73
67	34
68	7
69	8
70	96
71	89
72	84
73	30
74	63
75	48
76	113
77	10
78	94
79	88
80	121
81	79
82	59
83	16
84	21
85	62
86	3
87	149
88	125
89	22
90	104
91	4
92	150
93	115
94	45
95	128
96	68
97	119
98	91
99	106
100	13
101	71
102	44
103	64
104	112
105	136
106	74
107	123
108	31
109	145
110	72
111	49
112	147
113	144
114	129
115	27
116	117
117	140
118	60
119	66
120	17
121	130
122	148
123	11
124	61
125	36
126	69
127	127
128	118
129	24
130	40
131	120
132	28
133	6
134	37
135	9
136	42
137	139
138	53
139	12
140	43
141	109
142	67
143	116
144	101
145	39
146	57
147	41
148	38
149	32
150	131
1	131
2	122
3	80
4	14
5	78
6	15
7	133
8	77
9	134
10	138
11	51
12	47
13	2
14	19
15	99
16	114
17	102
18	70
19	137
20	132
21	55
22	58
23	50
24	135
25	86
26	108
27	29
28	81
29	110
30	20
31	25
32	141
33	83
34	75
35	65
36	85
37	18
38	142
39	26
40	146
41	56
42	90
43	92
44	54
45	46
46	33
47	105
48	111
49	52
50	126
51	93
52	35
53	124
54	97
55	143
56	100
57	5
58	107
59	95
60	82
61	103
62	98
63	1
64	87
65	76
66	73
67	34
68	7
69	84
70	8
71	89
72	96
73	30
74	63
75	48
76	113
77	10
78	94
79	88
80	121
81	79
82	59
83	16
84	21
85	3
86	62
87	149
88	125
89	22
90	104
91	4
92	150
93	115
94	45
95	128
96	68
97	119
98	91
99	106
100	13
101	71
102	44
103	64
104	112
105	136
106	74
107	123
108	31
109	145
110	72
111	147
112	49
113	144
114	129
115	27
116	117
117	140
118	60
119	66
120	17
121	130
122	148
123	11
124	61
125	36
126	69
127	127
128	118
129	24
130	40
131	120
132	28
133	6
134	9
135	37
136	42
137	139
138	53
139	12
140	43
141	109
142	67
143	116
144	101
145	39
146	57
147	41
148	38
149	32
150	23
1	23
2	122
3	14
4	80
5	78
6	15
7	133
8	77
9	134
10	138
11	51
12	47
13	2
14	19
15	99
16	114
17	102
18	70
19	137
20	132
21	55
22	58
23	50
24	135
25	86
26	108
27	29
28	81
29	110
30	20
31	25
32	141
33	83
34	65
35	18
36	85
37	142
38	75
39	26
40	146
41	56
42	90
43	46
44	92
45	54
46	33
47	105
48	111
49	52
50	126
51	93
52	35
53	124
54	97
55	100
56	143
57	5
58	107
59	95
60	82
61	103
62	98
63	1
64	87
65	76
66	73
67	34
68	7
69	84
70	8
71	89
72	96
73	30
74	63
75	48
76	113
77	10
78	94
79	88
80	121
81	79
82	59
83	16
84	21
85	3
86	62
87	149
88	125
89	22
90	104
91	4
92	150
93	115
94	45
95	128
96	68
97	119
98	91
99	106
100	13
101	71
102	44
103	64
104	112
105	136
106	74
107	123
108	31
109	145
110	72
111	147
112	49
113	144
114	129
115	27
116	117
117	140
118	60
119	66
120	17
121	130
122	148
123	11
124	61
125	36
126	69
127	127
128	118
129	24
130	40
131	120
132	28
133	6
134	9
135	37
136	42
137	139
138	53
139	12
140	43
141	109
142	67
143	116
144	101
145	39
146	57
147	41
148	38
149	32
150	131
1	131
2	122
3	80
4	14
5	78
6	15
7	133
8	77
9	134
10	138
11	51
12	47
13	2
14	19
15	99
16	114
17	102
18	70
19	137
20	132
21	55
22	58
23	50
24	135
25	108
26	86
27	29
28	81
29	110
30	20
31	25
32	141
33	83
34	65
35	18
36	85
37	142
38	75
39	26
40	146
41	56
42	90
43	46
44	92
45	54
46	33
47	105
48	111
49	52
50	126
51	93
52	35
53	124
54	97
55	100
56	143
57	5
58	107
59	95
60	82
61	103
62	98
63	1
64	87
65	76
66	73
67	34
68	7
69	84
70	8
71	89
72	96
73	30
74	63
75	48
76	113
77	10
78	94
79	88
80	121
81	79
82	59
83	16
84	21
85	62
86	3
87	149
88	125
89	22
90	104
91	4
92	150
93	115
94	45
95	128
96	68
97	119
98	91
99	106
100	13
101	71
102	44
103	64
104	112
105	136
106	74
107	123
108	31
109	145
110	72
111	49
112	147
113	144
114	129
115	27
116	117
117	140
118	60
119	66
120	17
121	130
122	148
123	11
124	61
125	36
126	69
127	127
128	118
129	24
130	40
131	28
132	9
133	6
134	37
135	42
136	120
137	139
138	53
139	12
140	43
141	109
142	67
143	116
144	101
145	39
146	57
147	41
148	38
149	23
150	32
1	23
2	77
3	122
4	14
5	80
6	78
7	15
8	133
9	134
10	138
11	51
12	47
13	2
14	19
15	99
16	114
17	102
18	70
19	137
20	132
21	55
22	58
23	50
24	135
25	86
26	108
27	29
28	81
29	110
30	20
31	25
32	141
33	83
34	65
35	85
36	18
37	142
38	75
39	26
40	146
41	56
42	90
43	46
44	54
45	92
46	33
47	105
48	111
49	52
50	126
51	93
52	35
53	124
54	97
55	143
56	100
57	5
58	107
59	95
60	82
61	103
62	98
63	1
64	87
65	76
66	73
67	34
68	7
69	84
70	8
71	89
72	96
73	30
74	63
75	48
76	113
77	10
78	94
79	88
80	121
81	79
82	59
83	16
84	21
85	3
86	62
87	149
88	125
89	22
90	104
91	4
92	150
93	115
94	45
95	128
96	68
97	119
98	91
99	106
100	13
101	71
102	44
103	64
104	112
105	136
106	74
107	123
108	31
109	145
110	72
111	49
112	147
113	144
114	129
115	27
116	117
117	140
118	60
119	66
120	17
121	130
122	148
123	11
124	61
125	36
126	69
127	127
128	118
129	24
130	40
131	28
132	9
133	6
134	37
135	42
136	120
137	139
138	53
139	12
140	43
141	109
142	67
143	116
144	101
145	39
146	57
147	41
148	38
149	131
150	32
1	131
2	122
3	14
4	80
5	78
6	15
7	133
8	77
9	134
10	138
11	51
12	47
13	2
14	19
15	99
16	114
17	102
18	70
19	137
20	132
21	55
22	58
23	50
24	135
25	86
26	108
27	29
28	81
29	110
30	20
31	25
32	141
33	83
34	65
35	85
36	142
37	18
38	75
39	26
40	146
41	56
42	90
43	46
44	54
45	92
46	33
47	105
48	111
49	52
50	126
51	93
52	35
53	124
54	97
55	143
56	100
57	5
58	107
59	95
60	82
61	103
62	98
63	1
64	87
65	76
66	73
67	34
68	7
69	84
70	8
71	89
72	96
73	30
74	63
75	48
76	113
77	10
78	94
79	88
80	121
81	79
82	59
83	16
84	21
85	3
86	62
87	149
88	125
89	22
90	104
91	4
92	150
93	115
94	45
95	128
96	68
97	119
98	91
99	106
100	13
101	71
102	44
103	64
104	112
105	136
106	74
107	123
108	31
109	145
110	72
111	49
112	147
113	144
114	129
115	27
116	117
117	140
118	60
119	66
120	17
121	130
122	148
123	11
124	61
125	36
126	69
127	127
128	118
129	24
130	40
131	28
132	6
133	37
134	9
135	42
136	120
137	139
138	53
139	12
140	43
141	109
142	67
143	116
144	101
145	39
146	57
147	41
148	38
149	23
150	32
1	131
2	77
3	122
4	14
5	80
6	78
7	15
8	133
9	134
10	138
11	51
12	47
13	2
14	19
15	99
16	114
17	102
18	70
19	137
20	132
21	55
22	58
23	50
24	135
25	108
26	86
27	29
28	81
29	110
30	20
31	25
32	141
33	83
34	65
35	85
36	18
37	142
38	75
39	26
40	146
41	56
42	90
43	46
44	54
45	92
46	33
47	105
48	111
49	52
50	126
51	93
52	35
53	124
54	97
55	143
56	100
57	5
58	107
59	95
60	82
61	103
62	98
63	1
64	87
65	76
66	73
67	34
68	7
69	84
70	8
71	89
72	96
73	30
74	63
75	48
76	113
77	10
78	94
79	88
80	121
81	79
82	59
83	16
84	21
85	3
86	62
87	149
88	125
89	22
90	104
91	4
92	150
93	115
94	45
95	128
96	68
97	119
98	91
99	106
100	13
101	71
102	44
103	64
104	112
105	136
106	74
107	123
108	31
109	145
110	72
111	49
112	147
113	144
114	129
115	27
116	117
117	140
118	60
119	66
120	17
121	130
122	148
123	11
124	61
125	36
126	69
127	127
128	118
129	24
130	40
131	28
132	9
133	6
134	37
135	42
136	120
137	139
138	53
139	12
140	43
141	109
142	67
143	116
144	101
145	39
146	57
147	41
148	38
149	23
150	32
1	131
2	77
3	122
4	14
5	80
6	78
7	15
8	133
9	134
10	138
11	51
12	47
13	2
14	19
15	99
16	114
17	102
18	70
19	137
20	132
21	55
22	58
23	50
24	135
25	108
26	86
27	29
28	81
29	110
30	20
31	25
32	141
33	83
34	65
35	85
36	142
37	18
38	75
39	26
40	146
41	56
42	90
43	46
44	54
45	92
46	33
47	105
48	111
49	52
50	126
51	93
52	35
53	124
54	97
55	143
56	100
57	5
58	107
59	95
60	82
61	103
62	98
63	1
64	87
65	76
66	73
67	34
68	7
69	84
70	8
71	89
72	96
73	30
74	63
75	48
76	113
77	10
78	94
79	88
80	121
81	79
82	59
83	16
84	21
85	3
86	62
87	149
88	125
89	22
90	104
91	4
92	150
93	115
94	45
95	128
96	68
97	119
98	91
99	106
100	13
101	71
102	44
103	64
104	112
105	136
106	74
107	123
108	31
109	145
110	72
111	49
112	147
113	144
114	129
115	27
116	117
117	140
118	60
119	66
120	17
121	130
122	148
123	11
124	61
125	36
126	69
127	127
128	118
129	24
130	40
131	28
132	9
133	6
134	37
135	42
136	120
137	139
138	53
139	12
140	43
141	109
142	67
143	116
144	101
145	39
146	57
147	41
148	38
149	23
150	32
1	131
2	77
3	122
4	14
5	80
6	78
7	15
8	133
9	134
10	138
11	51
12	47
13	2
14	19
15	99
16	114
17	102
18	108
19	70
20	137
21	132
22	55
23	58
24	50
25	135
26	86
27	29
28	81
29	110
30	20
31	25
32	141
33	83
34	65
35	85
36	142
37	18
38	75
39	26
40	146
41	56
42	90
43	46
44	54
45	92
46	33
47	105
48	111
49	52
50	126
51	93
52	35
53	124
54	97
55	143
56	100
57	5
58	107
59	95
60	82
61	103
62	98
63	1
64	87
65	76
66	73
67	34
68	7
69	84
70	8
71	89
72	96
73	30
74	63
75	48
76	113
77	10
78	94
79	88
80	121
81	79
82	59
83	16
84	21
85	3
86	62
87	149
88	125
89	22
90	104
91	4
92	150
93	115
94	45
95	128
96	68
97	119
98	91
99	106
100	13
101	71
102	44
103	64
104	112
105	136
106	74
107	123
108	31
109	145
110	72
111	49
112	147
113	144
114	129
115	27
116	117
117	140
118	60
119	66
120	17
121	130
122	148
123	11
124	61
125	36
126	69
127	127
128	118
129	24
130	40
131	28
132	9
133	6
134	37
135	42
136	120
137	139
138	53
139	12
140	43
141	109
142	67
143	116
144	101
145	39
146	57
147	41
148	38
149	23
150	32
1	131
2	77
3	122
4	14
5	80
6	78
7	15
8	133
9	134
10	138
11	109
12	51
13	47
14	2
15	19
16	99
17	114
18	102
19	70
20	137
21	132
22	55
23	58
24	50
25	135
26	108
27	86
28	29
29	81
30	110
31	20
32	25
33	141
34	83
35	65
36	85
37	142
38	18
39	75
40	26
41	146
42	56
43	90
44	46
45	54
46	92
47	33
48	105
49	111
50	52
51	126
52	93
53	35
54	124
55	97
56	143
57	100
58	5
59	107
60	95
61	82
62	103
63	98
64	1
65	87
66	76
67	73
68	34
69	7
70	84
71	8
72	89
73	96
74	30
75	63
76	48
77	113
78	10
79	94
80	88
81	121
82	79
83	59
84	16
85	21
86	3
87	62
88	149
89	125
90	22
91	104
92	4
93	150
94	115
95	45
96	128
97	68
98	119
99	91
100	106
101	13
102	71
103	44
104	64
105	112
106	136
107	74
108	123
109	31
110	145
111	72
112	49
113	147
114	144
115	129
116	27
117	117
118	140
119	60
120	66
121	17
122	130
123	148
124	11
125	61
126	36
127	69
128	127
129	118
130	24
131	40
132	28
133	9
134	6
135	37
136	42
137	120
138	139
139	53
140	12
141	43
142	67
143	116
144	101
145	39
146	57
147	41
148	38
149	23
150	32
1	131
2	134
3	138
4	51
5	47
6	2
7	19
8	99
9	114
10	102
11	70
12	137
13	132
14	55
15	58
16	50
17	135
18	108
19	86
20	29
21	81
22	110
23	20
24	25
25	141
26	83
27	65
28	85
29	142
30	18
31	75
32	26
33	146
34	56
35	90
36	46
37	54
38	92
39	33
40	105
41	111
42	52
43	126
44	93
45	35
46	124
47	97
48	143
49	100
50	5
51	107
52	95
53	82
54	103
55	98
56	1
57	87
58	76
59	73
60	34
61	7
62	84
63	8
64	89
65	96
66	30
67	63
68	48
69	113
70	10
71	94
72	88
73	121
74	79
75	59
76	16
77	80
78	14
79	122
80	77
81	133
82	15
83	78
84	21
85	3
86	62
87	149
88	125
89	22
90	104
91	4
92	150
93	115
94	45
95	128
96	68
97	119
98	91
99	106
100	13
101	71
102	44
103	64
104	112
105	136
106	74
107	123
108	31
109	145
110	72
111	49
112	147
113	144
114	129
115	27
116	117
117	140
118	60
119	66
120	17
121	130
122	148
123	11
124	61
125	36
126	69
127	127
128	118
129	24
130	40
131	28
132	9
133	6
134	37
135	42
136	120
137	139
138	53
139	12
140	43
141	109
142	67
143	116
144	101
145	39
146	57
147	41
148	38
149	23
150	32
1	131
2	134
3	138
4	51
5	47
6	2
7	19
8	99
9	114
10	102
11	70
12	137
13	132
14	55
15	58
16	50
17	135
18	108
19	86
20	29
21	81
22	110
23	20
24	25
25	141
26	83
27	65
28	85
29	142
30	18
31	75
32	26
33	146
34	56
35	90
36	46
37	54
38	92
39	33
40	105
41	111
42	52
43	126
44	93
45	35
46	124
47	97
48	143
49	100
50	5
51	107
52	95
53	82
54	103
55	98
56	1
57	87
58	76
59	73
60	34
61	7
62	84
63	8
64	89
65	96
66	30
67	63
68	48
69	113
70	10
71	94
72	88
73	121
74	79
75	59
76	16
77	80
78	14
79	122
80	77
81	133
82	15
83	78
84	21
85	3
86	62
87	149
88	125
89	22
90	104
91	4
92	150
93	115
94	45
95	128
96	68
97	119
98	91
99	106
100	13
101	71
102	44
103	64
104	112
105	136
106	74
107	123
108	31
109	145
110	72
111	49
112	147
113	144
114	129
115	27
116	117
117	140
118	60
119	66
120	17
121	130
122	148
123	11
124	61
125	36
126	69
127	127
128	118
129	24
130	40
131	28
132	9
133	6
134	37
135	42
136	120
137	139
138	53
139	12
140	43
141	109
142	67
143	116
144	101
145	39
146	57
147	41
148	38
149	23
150	32
1	131
2	77
3	122
4	14
5	80
6	16
7	59
8	79
9	121
10	88
11	94
12	10
13	113
14	48
15	63
16	30
17	96
18	89
19	8
20	84
21	7
22	34
23	73
24	76
25	87
26	1
27	98
28	103
29	82
30	95
31	107
32	5
33	100
34	143
35	97
36	124
37	35
38	93
39	126
40	52
41	111
42	105
43	33
44	92
45	54
46	46
47	90
48	56
49	146
50	26
51	75
52	18
53	142
54	85
55	65
56	83
57	141
58	25
59	20
60	110
61	81
62	29
63	86
64	108
65	135
66	50
67	58
68	55
69	132
70	137
71	70
72	102
73	114
74	99
75	19
76	2
77	37
78	6
79	9
80	28
81	40
82	53
83	139
84	120
85	42
86	47
87	51
88	138
89	134
90	133
91	15
92	78
93	21
94	3
95	62
96	149
97	125
98	22
99	104
100	4
101	150
102	115
103	45
104	128
105	68
106	119
107	91
108	106
109	13
110	71
111	44
112	64
113	112
114	136
115	74
116	123
117	31
118	145
119	72
120	49
121	147
122	144
123	129
124	27
125	117
126	140
127	60
128	66
129	17
130	130
131	148
132	11
133	61
134	36
135	69
136	127
137	118
138	24
139	12
140	43
141	109
142	67
143	116
144	101
145	39
146	57
147	41
148	38
149	23
150	32
1	131
2	77
3	122
4	14
5	80
6	16
7	59
8	79
9	121
10	88
11	94
12	10
13	113
14	48
15	63
16	30
17	96
18	89
19	8
20	84
21	7
22	34
23	73
24	76
25	87
26	1
27	98
28	103
29	82
30	95
31	107
32	5
33	100
34	143
35	97
36	124
37	35
38	93
39	126
40	52
41	111
42	105
43	33
44	92
45	54
46	46
47	90
48	56
49	146
50	26
51	75
52	18
53	142
54	85
55	65
56	83
57	141
58	25
59	20
60	110
61	81
62	29
63	86
64	108
65	135
66	50
67	58
68	55
69	132
70	137
71	70
72	102
73	114
74	99
75	19
76	2
77	37
78	6
79	9
80	28
81	40
82	53
83	139
84	120
85	42
86	47
87	51
88	138
89	134
90	133
91	15
92	78
93	21
94	3
95	62
96	149
97	125
98	22
99	104
100	4
101	150
102	115
103	45
104	128
105	68
106	119
107	91
108	106
109	13
110	71
111	44
112	64
113	112
114	136
115	74
116	123
117	31
118	145
119	72
120	49
121	147
122	144
123	129
124	27
125	117
126	140
127	60
128	66
129	17
130	130
131	148
132	11
133	61
134	36
135	69
136	127
137	118
138	24
139	12
140	43
141	109
142	67
143	116
144	101
145	39
146	57
147	41
148	38
149	23
150	32
1	131
2	134
3	138
4	51
5	47
6	2
7	19
8	99
9	114
10	102
11	70
12	137
13	132
14	55
15	58
16	50
17	135
18	108
19	86
20	29
21	81
22	110
23	20
24	25
25	141
26	83
27	65
28	85
29	142
30	18
31	75
32	26
33	146
34	56
35	90
36	46
37	54
38	92
39	33
40	105
41	111
42	52
43	126
44	93
45	35
46	124
47	97
48	143
49	100
50	5
51	107
52	95
53	82
54	103
55	98
56	1
57	87
58	76
59	73
60	34
61	7
62	84
63	8
64	89
65	96
66	30
67	63
68	48
69	113
70	10
71	94
72	88
73	121
74	79
75	59
76	16
77	133
78	77
79	122
80	14
81	80
82	15
83	78
84	21
85	3
86	62
87	149
88	125
89	22
90	104
91	4
92	150
93	115
94	45
95	128
96	68
97	119
98	91
99	106
100	13
101	71
102	44
103	64
104	112
105	136
106	74
107	123
108	31
109	145
110	72
111	49
112	147
113	144
114	129
115	27
116	117
117	140
118	60
119	66
120	17
121	130
122	148
123	11
124	61
125	36
126	69
127	127
128	118
129	53
130	139
131	120
132	42
133	37
134	6
135	9
136	28
137	40
138	24
139	12
140	43
141	109
142	67
143	116
144	101
145	39
146	57
147	41
148	38
149	23
150	32
1	131
2	134
3	138
4	51
5	47
6	2
7	19
8	99
9	114
10	102
11	108
12	70
13	137
14	132
15	55
16	58
17	50
18	135
19	86
20	29
21	81
22	110
23	20
24	25
25	141
26	83
27	65
28	85
29	142
30	18
31	75
32	26
33	146
34	56
35	90
36	46
37	54
38	92
39	33
40	105
41	111
42	52
43	126
44	93
45	35
46	124
47	97
48	143
49	100
50	5
51	107
52	95
53	82
54	103
55	98
56	1
57	87
58	76
59	73
60	34
61	7
62	84
63	8
64	89
65	96
66	30
67	63
68	48
69	113
70	10
71	94
72	88
73	121
74	79
75	59
76	16
77	133
78	77
79	122
80	14
81	80
82	15
83	78
84	21
85	3
86	62
87	149
88	125
89	22
90	104
91	4
92	150
93	115
94	45
95	128
96	68
97	119
98	91
99	106
100	13
101	71
102	44
103	64
104	112
105	136
106	74
107	123
108	31
109	145
110	72
111	49
112	147
113	144
114	129
115	27
116	117
117	140
118	60
119	66
120	17
121	130
122	148
123	11
124	61
125	36
126	69
127	127
128	118
129	53
130	139
131	120
132	42
133	37
134	6
135	9
136	28
137	40
138	24
139	12
140	43
141	109
142	67
143	116
144	101
145	39
146	57
147	41
148	38
149	23
150	32
